-1.	0.6204604380635448
-0.99	0.5925959786206589
-0.98	0.5838089530036511
-0.97	0.5940993612125217
-0.96	0.6234672032472702
-0.95	0.6776333033442122
-0.94	0.6936685949038792
-0.9299999999999999	0.6912600670173333
-0.92	0.7055671060807659
-0.91	0.7237110575785147
-0.9	0.7467195755981016
-0.89	0.775626195842982
-0.88	0.7949514092250584
-0.87	0.8089295633626294
-0.86	0.8329008708068022
-0.85	0.862107086048435
-0.84	0.887528059483662
-0.83	0.912898762334418
-0.8200000000000001	0.933215109574882
-0.81	0.9486453802838054
-0.8	0.9773548446982054
-0.79	1.0128657633039924
-0.78	1.053772189808082
-0.77	1.104511311475502
-0.76	1.1218978535632897
-0.75	1.1161865112614404
-0.74	1.14731673645186
-0.73	1.1948913112291297
-0.72	1.2435218250252351
-0.71	1.3063551747926736
-0.7	1.300329136326036
-0.69	1.2377510242748277
-0.6799999999999999	1.3991362649750834
-0.6699999999999999	1.482867112050301
-0.6599999999999999	1.452043768776815
-0.6499999999999999	1.4656479822227342
-0.64	1.509226866290956
-0.63	1.5922922087081566
-0.62	1.6102143444809125
-0.61	1.5912518909065267
-0.6	1.6430787176883659
-0.59	1.7356579523867508
-0.5800000000000001	1.7686997130246866
-0.5700000000000001	1.7724339983205357
-0.56	1.8154903502802957
-0.55	1.877304256216336
-0.54	1.909567187668607
-0.53	1.925802230659546
-0.52	1.970489552782536
-0.51	2.0312291276007772
-0.5	2.0665005755455366
-0.49	2.089628748156389
-0.48	2.120121796772948
-0.47	2.1508129151857465
-0.45999999999999996	2.1841142264385547
-0.44999999999999996	2.2153068832814027
-0.43999999999999995	2.2465716973946304
-0.42999999999999994	2.2730182154747336
-0.42000000000000004	2.2950910241856675
-0.41000000000000003	2.3116144294991665
-0.4	2.3355210657261547
-0.39	2.3634115475656725
-0.38	2.380948576084587
-0.37	2.392254482040199
-0.36	2.4093328228347217
-0.35	2.428660638248324
-0.33999999999999997	2.44156076959205
-0.32999999999999996	2.449793697464499
-0.31999999999999995	2.450138865713703
-0.30999999999999994	2.4518546533525356
-0.29999999999999993	2.4550820901244386
-0.29000000000000004	2.4571187494817304
-0.28	2.458210306565109
-0.27	2.4587009374612583
-0.26	2.4548047052166675
-0.25	2.4476233376083076
-0.24	2.44018157690354
-0.22999999999999998	2.4317621341840803
-0.21999999999999997	2.4153264391012823
-0.20999999999999996	2.4001868543940894
-0.19999999999999996	2.387442384087647
-0.18999999999999995	2.372125293788824
-0.17999999999999994	2.354226130105726
-0.16999999999999993	2.3350128234643486
-0.16000000000000003	2.3143701074623295
-0.15000000000000002	2.292227593294997
-0.14	2.269359557813735
-0.13	2.2454811753945063
-0.12	2.2206284204961797
-0.10999999999999999	2.1947031881672134
-0.09999999999999998	2.1687478043832034
-0.08999999999999997	2.142127735127285
-0.07999999999999996	2.115047550353506
-0.06999999999999995	2.0870182928623193
-0.05999999999999994	2.0589371755608195
-0.04999999999999993	2.028459102254383
-0.040000000000000036	1.995797263506158
-0.030000000000000027	1.959887389232901
-0.020000000000000018	1.9324364503502751
-0.010000000000000009	1.9103750924363019
0.	1.8806383304700878
0.010000000000000009	1.84768495285678
0.020000000000000018	1.8116760393055056
0.030000000000000027	1.7798366456350565
0.040000000000000036	1.7565872461076761
0.050000000000000044	1.7276731573086828
0.06000000000000005	1.6867381638289702
0.07000000000000006	1.6548255288972538
0.08000000000000007	1.6385948229840255
0.09000000000000008	1.6144714114882543
0.10000000000000009	1.5777982981528444
0.1100000000000001	1.5472758813350687
0.1200000000000001	1.5284512700775654
0.13000000000000012	1.5013948149237613
0.14000000000000012	1.458616919229303
0.15000000000000013	1.4256963861303074
0.15999999999999992	1.400307869887128
0.16999999999999993	1.3834143152166423
0.17999999999999994	1.364423330233184
0.18999999999999995	1.3482254333224541
0.19999999999999996	1.3233944897844157
0.20999999999999996	1.293475055712685
0.21999999999999997	1.2651815528776298
0.22999999999999998	1.2342995721232217
0.24	1.2203299270843089
0.25	1.2213398558082305
0.26	1.1805864852348642
0.27	1.109921405972507
0.28	1.1059486135703804
0.29000000000000004	1.1433357403104492
0.30000000000000004	1.0874398254195587
0.31000000000000005	1.0513746151979149
0.32000000000000006	1.0231403022744958
0.33000000000000007	1.0172542782807867
0.3400000000000001	1.0765988802191093
0.3500000000000001	1.0796183334252063
0.3600000000000001	0.9863440179248929
0.3700000000000001	0.9370785823132456
0.3800000000000001	0.9356823855372748
0.3900000000000001	0.9364637783439316
0.40000000000000013	0.9489753487259658
0.4099999999999999	0.9583703920165775
0.41999999999999993	0.9659986086400224
0.42999999999999994	0.9756128996996662
0.43999999999999995	0.9459313530584793
0.44999999999999996	0.8895343126827349
0.45999999999999996	0.8331656434915498
0.47	0.7564247729770671
0.48	0.7767425390492505
0.49	0.8576283732492501
0.5	0.9307551769845613
0.51	1.044977033639754
0.52	0.9362074203545798
0.53	0.6495981042926746
0.54	0.7448257380950349
0.55	1.0855723321807724
0.56	0.9326291613756711
0.5700000000000001	0.4821332106888058
0.5800000000000001	0.7288591070581867
0.5900000000000001	0.8446640556700185
0.6000000000000001	0.8067079752085807
0.6100000000000001	0.8121706002140059
0.6200000000000001	0.9104956604629652
0.6300000000000001	0.9164179654345729
0.6400000000000001	0.7340136647791302
0.6500000000000001	0.6733896445885349
0.6600000000000001	0.814697001718444
0.6699999999999999	0.85999349829282
0.6799999999999999	0.8363647923003975
0.69	0.7208671454206332
0.7	0.7658816791794788
0.71	0.904928136396888
0.72	0.8597648599495668
0.73	0.7069263356737963
0.74	0.7174998478636554
0.75	0.7964578190932112
0.76	0.9047544638714144
0.77	1.0930916852290815
0.78	0.9599316917914305
0.79	0.6049677930531568
0.8	0.5377247500717367
0.81	0.5844531217097094
0.8200000000000001	0.6443773543580019
0.8300000000000001	0.6919076038421683
0.8400000000000001	0.7492348092480383
0.8500000000000001	0.7732636392893592
0.8600000000000001	0.7399139869078627
0.8700000000000001	0.7261799793353511
0.8800000000000001	0.5840139823725303
0.8900000000000001	0.7012984582595088
0.9000000000000001	1.3759172349212312
0.9100000000000001	1.6917191700040612
0.9199999999999999	1.7319907309947
0.9299999999999999	1.5345216396283967
0.94	0.6836249568174393
0.95	-0.9157603726600078
0.96	-0.5552149850129316
0.97	1.0143669164283544
0.98	1.2191441131332754
0.99	0.9432361714756584
1.	0.7566927354657095
1.0100000000000002	0.39049323398526037
1.02	0.5236653732933406
1.0300000000000002	0.9963975983775862
1.04	0.8505061893378848
1.0499999999999998	0.33761155438700785
1.06	0.5226240827849097
1.0699999999999998	1.1096014814771327
1.08	1.0942674170228612
1.0899999999999999	0.8392463284067707
1.1	0.37277472056071764
1.1099999999999999	-0.4871965502139565
1.12	0.1489270770406911
1.13	1.8487019494617458
1.1400000000000001	1.4944268400847256
1.15	0.9743870197503214
1.1600000000000001	-0.8135914618982075
1.17	-1.0559199170591154
1.1800000000000002	1.8151760657573102
1.19	2.7849196830037877
1.2000000000000002	0.717155581035811
1.21	-0.009994816737152445
1.2200000000000002	1.2389177233072841
1.23	1.6218774528550028
1.2400000000000002	0.7610349876645306
1.25	0.4059800714785565
1.2600000000000002	0.8341720851424256
1.27	0.8452002953956862
1.2800000000000002	-0.1274102340185133
1.29	-0.2257507450786895
1.3000000000000003	1.311049783416563
1.31	1.9261188536579357
1.3199999999999998	1.8518994199917977
1.33	0.9417711103846792
1.3399999999999999	0.8085580172042298
1.35	0.8924377590537023
1.3599999999999999	0.9001601618267109
1.37	0.9520190431372745
1.38	0.897783105656732
1.3900000000000001	0.7781122248662176
1.4	0.7466729597878728
1.4100000000000001	0.7509148340761823
1.42	0.7542268514432351
1.4300000000000002	0.7654241740214176
1.44	0.8339840035061334
1.4500000000000002	0.955523652229859
1.46	0.9803438777537713
1.4700000000000002	0.968093456510781
1.48	0.8614328174941647
1.4900000000000002	0.649150222879888
1.5	0.68393307275918
1.5100000000000002	0.8627208507235413
1.52	0.9084296369015564
1.5300000000000002	0.9141458786728869
1.54	0.964254334346953
1.5500000000000003	1.0387271728226517
1.56	1.020331502974449
1.5699999999999998	0.9546428397226919
1.58	0.8092620834457186
1.5899999999999999	0.5530773218058741
1.6	0.6579159890040599
1.6099999999999999	1.0035280383203744
1.62	1.0253542468701047
1.63	0.9024997935652901
1.6400000000000001	0.9603420246642275
1.65	0.9915566917787114
1.6600000000000001	0.9831317076638141
1.67	0.9964922903850154
1.6800000000000002	1.0521756737158843
1.69	1.0783481602627376
1.7000000000000002	1.064471030462318
1.71	1.0574841874620078
1.7200000000000002	1.0338533014544034
1.73	1.046562803623018
1.7400000000000002	1.1376772334909053
1.75	1.1782729995737886
1.7600000000000002	1.1306061937604774
1.77	1.1307034612278224
1.7800000000000002	1.1743642111623784
1.79	1.2391334070069024
1.8000000000000003	1.4243971898434973
1.81	1.4624574308356983
1.8199999999999998	1.3776503235141027
1.83	1.1279810807926924
1.8399999999999999	1.1753923606175403
1.85	1.3812655209171625
1.8599999999999999	1.4226349926936535
1.87	1.4087277990278728
1.88	1.4299089620220082
1.8900000000000001	1.451967449407861
1.9	1.4897645277268818
1.9100000000000001	1.541750894859264
1.92	1.5655238079570954
1.9300000000000002	1.5728476943452625
1.94	1.6039248248416809
1.9500000000000002	1.6464130439357938
1.96	1.6752669789720835
1.9700000000000002	1.6985295130864517
1.98	1.7279104224060713
1.9900000000000002	1.7595478030863683
2.	1.789083492908976
2.0100000000000002	1.818084779161271
2.02	1.8467441505556053
2.0300000000000002	1.8744255753464598
2.04	1.9073554478851489
2.0500000000000003	1.9442313834627367
2.06	1.974474036472273
2.0700000000000003	2.0014705561870754
2.08	2.030279683028469
2.09	2.0591201871054023
2.1	2.08735063553415
2.11	2.1150617650386776
2.12	2.1438212031902535
2.13	2.1735299818772607
2.14	2.199006240042404
2.15	2.221778362004482
2.16	2.245761564485878
2.17	2.2696575580871774
2.18	2.2920866593124063
2.19	2.3134015200225653
2.2	2.335241703730532
2.21	2.3575582235184203
2.22	2.374331681431457
2.23	2.3874851723823105
2.24	2.3999422441507035
2.25	2.4100819202966712
2.2600000000000002	2.428379766543832
2.27	2.4406720162584685
2.2800000000000002	2.44378828024075
2.29	2.449430202292216
2.3000000000000003	2.4628977639787077
2.31	2.4666906050437762
2.3200000000000003	2.45370340608402
2.33	2.4478508855229055
2.34	2.446958978049207
2.35	2.4530178010587
2.36	2.4441360631978535
2.37	2.426619753613388
2.38	2.418668157105502
2.39	2.415051452419412
2.4	2.4005005341569343
2.41	2.3802603984394484
2.42	2.3577125095245104
2.43	2.3304691617306483
2.44	2.3112692605238148
2.45	2.297418013808593
2.46	2.2676025127707393
2.47	2.227405177094671
2.48	2.200671025508766
2.49	2.180259477877709
2.5	2.1493368407764377
2.5100000000000002	2.1131230227927347
2.52	2.0815338031612214
2.5300000000000002	2.052923117131275
2.54	2.0057345600212355
2.5500000000000003	1.9428583857233852
2.56	1.9187274201492341
2.5700000000000003	1.9187158881201252
2.58	1.885976012955234
2.59	1.840641909197516
2.6	1.7886294235977698
2.61	1.7230824176519917
2.62	1.695755027901063
2.63	1.6944720505373243
2.64	1.6461441812815185
2.65	1.5715698003952385
2.66	1.5343239421180124
2.67	1.5141051220196018
2.68	1.4799295318745358
2.69	1.4422026399224281
2.7	1.4103995284294213
2.71	1.3816349783552755
2.72	1.3497460700780697
2.73	1.3174152958347138
2.74	1.279786919506895
2.75	1.2391038345312373
2.7600000000000002	1.1718915556422103
2.77	1.1301791730107602
2.7800000000000002	1.1313441432739053
2.79	1.1150683593488822
2.8000000000000003	1.0796775197192314
2.81	1.0448554803259078
2.8200000000000003	1.0035565859239493
2.83	0.9702354244517583
2.84	0.9435779424603878
2.85	0.9238913738208698
2.86	0.9077961459518448
2.87	0.898871212821858
2.88	0.8712663711023401
2.89	0.8313217466027161
2.9	0.8126967687335732
2.91	0.8074510346749153
2.92	0.7682912578043372
2.93	0.7060215673148191
2.94	0.6909696885731813
2.95	0.7017991149800118
2.96	0.6919005176615497
2.97	0.6776994039898181
2.98	0.6649525083676057
2.99	0.6515664728302613
3.	0.6375412973777862