-1.	0.08755840728839832
-0.99	0.08870055577759636
-0.98	0.0898642466628633
-0.97	0.09104947994419917
-0.96	0.09225625562160393
-0.95	0.09348440353925896
-0.94	0.09473579541116939
-0.9299999999999999	0.09600957167309283
-0.92	0.09730770067567475
-0.91	0.0986292778755295
-0.9	0.09997637984731754
-0.89	0.10134804944503126
-0.88	0.10274650897611239
-0.87	0.10417073846009686
-0.86	0.1056230684523228
-0.85	0.10710242671458317
-0.84	0.10861128564580291
-0.83	0.1101485058825223
-0.8200000000000001	0.11171673082709876
-0.81	0.11331474646948748
-0.8	0.11494533331075169
-0.79	0.11660721076357812
-0.78	0.11830334328415944
-0.77	0.12003236658020598
-0.76	0.12179743004213311
-0.75	0.12359708428007603
-0.74	0.12543467502088596
-0.73	0.12730866181777972
-0.72	0.12922260667796753
-0.71	0.13117487018138885
-0.7	0.13316923791986823
-0.69	0.135203966214982
-0.6799999999999999	0.13728152861360143
-0.6699999999999999	0.13940475922576434
-0.6599999999999999	0.14157159772899877
-0.6499999999999999	0.14378663438301492
-0.64	0.14604945189147542
-0.63	0.1483596050501034
-0.62	0.15072199110594597
-0.61	0.15313435403428327
-0.6	0.15560192111884502
-0.59	0.15812228332716546
-0.5800000000000001	0.160701030881449
-0.5700000000000001	0.16333558759468794
-0.56	0.16603193063514965
-0.55	0.16878730467198283
-0.54	0.17160810967148207
-0.53	0.1744913953545488
-0.52	0.17744401492608913
-0.51	0.18046280953325747
-0.5	0.18355511373773076
-0.49	0.18671754358241308
-0.48	0.18995798434865152
-0.47	0.19327280041495346
-0.45999999999999996	0.19666713921166054
-0.44999999999999996	0.20014701177483984
-0.43999999999999995	0.20370804241434784
-0.42999999999999994	0.20735999327260518
-0.42000000000000004	0.21110197688211899
-0.41000000000000003	0.21493303888151155
-0.4	0.2188636772459389
-0.39	0.22288904557743439
-0.38	0.22702046235300705
-0.37	0.23125270469002412
-0.36	0.2355979503894095
-0.35	0.2400505768892436
-0.33999999999999997	0.2446185621948022
-0.32999999999999996	0.2493113163967825
-0.31999999999999995	0.254121980371234
-0.30999999999999994	0.2590658699156716
-0.29999999999999993	0.2641355741278699
-0.29000000000000004	0.26934764403956984
-0.28	0.27470057501152223
-0.27	0.2801927374122784
-0.26	0.28584205718777395
-0.25	0.2916402551072353
-0.24	0.2976066989254283
-0.22999999999999998	0.3037324333286613
-0.21999999999999997	0.3100302177426227
-0.20999999999999996	0.31651516670831037
-0.19999999999999996	0.32317621619868425
-0.18999999999999995	0.3300381011590782
-0.17999999999999994	0.3370888066337231
-0.16999999999999993	0.34435519001465037
-0.16000000000000003	0.35183480972076614
-0.15000000000000002	0.3595250124848626
-0.14	0.36745498424622725
-0.13	0.3756112271305337
-0.12	0.3840254739982214
-0.10999999999999999	0.3926830438676554
-0.09999999999999998	0.4016048087223044
-0.08999999999999997	0.4108158417986266
-0.07999999999999996	0.42029781464122484
-0.06999999999999995	0.43009172043367033
-0.05999999999999994	0.44017757231437066
-0.04999999999999993	0.45060008585681166
-0.040000000000000036	0.46135519600885777
-0.030000000000000027	0.47243846595671135
-0.020000000000000018	0.4838987006521496
-0.010000000000000009	0.49571331442139316
0.	0.5079355298689069
0.010000000000000009	0.5205407075292694
0.020000000000000018	0.5335638979097334
0.030000000000000027	0.5470474641309577
0.040000000000000036	0.5609604191371862
0.050000000000000044	0.5753721007605124
0.06000000000000005	0.5902486562101209
0.07000000000000006	0.6056658462027307
0.08000000000000007	0.6215866983440972
0.09000000000000008	0.6380939465392126
0.10000000000000009	0.6551472277207053
0.1100000000000001	0.6728368568475991
0.1200000000000001	0.6911187805482665
0.13000000000000012	0.7100915668549276
0.14000000000000012	0.7297071863601196
0.15000000000000013	0.7500730779263101
0.15999999999999992	0.7711794743841835
0.16999999999999993	0.7930157389805588
0.17999999999999994	0.8156988760004391
0.18999999999999995	0.8391747737078288
0.19999999999999996	0.863570644058661
0.20999999999999996	0.8888276811248829
0.21999999999999997	0.9150839022913447
0.22999999999999998	0.9422755357681225
0.24	0.9705520017049801
0.25	0.9998443164867026
0.26	1.030313619281598
0.27	1.0618855702114316
0.28	1.0947333512635549
0.29000000000000004	1.1287771600160759
0.30000000000000004	1.1641305943524185
0.31000000000000005	1.2009229728794726
0.32000000000000006	1.239061083916724
0.33000000000000007	1.2787521027801005
0.3400000000000001	1.3198986103272958
0.3500000000000001	1.3627167153706714
0.3600000000000001	1.4071058685090008
0.3700000000000001	1.4532885533925666
0.3800000000000001	1.5011626536299694
0.3900000000000001	1.550953368384987
0.40000000000000013	1.6025592077074349
0.4099999999999999	1.6562029691693738
0.41999999999999993	1.7118643984460735
0.42999999999999994	1.7695240814368585
0.43999999999999995	1.8293955732491578
0.44999999999999996	1.8913834546791741
0.45999999999999996	1.9556831165389654
0.47	2.0222084287154765
0.48	2.091125259204089
0.49	2.1623621679804383
0.5	2.236041523331026
0.51	2.312113193674411
0.52	2.3906391532604463
0.53	2.4715985034294703
0.54	2.5549732324383636
0.55	2.640780802685096
0.56	2.728901174764472
0.5700000000000001	2.8194003272433825
0.5800000000000001	2.9121762018183124
0.5900000000000001	3.006923352128973
0.6000000000000001	3.103883234973845
0.6100000000000001	3.202490533621274
0.6200000000000001	3.3030701198432837
0.6300000000000001	3.4048699254497206
0.6400000000000001	3.5083023149515618
0.6500000000000001	3.61242130299116
0.6600000000000001	3.7177252458476238
0.6699999999999999	3.823080160092819
0.6799999999999999	3.9285891351293105
0.69	4.034370250180689
0.7	4.139124633787404
0.71	4.243453730052054
0.72	4.345937139684255
0.73	4.447225684665509
0.74	4.545841920360857
0.75	4.642454998301723
0.76	4.735614030182308
0.77	4.825967302712684
0.78	4.912187215305243
0.79	4.994856938009799
0.8	5.072872002628824
0.81	5.146705942673603
0.8200000000000001	5.215717121705201
0.8300000000000001	5.279782436235861
0.8400000000000001	5.3389390909804275
0.8500000000000001	5.393187457557205
0.8600000000000001	5.442382686579481
0.8700000000000001	5.486923020956139
0.8800000000000001	5.526503932752974
0.8900000000000001	5.561863313061826
0.9000000000000001	5.592578201120458
0.9100000000000001	5.619627266252053
0.9199999999999999	5.642921538518136
0.9299999999999999	5.662361686382262
0.94	5.679040356745368
0.95	5.692463226239173
0.96	5.7036972643110255
0.97	5.712271946257046
0.98	5.7190951660305105
0.99	5.723779040133978
1.	5.7269587112262
1.0100000000000002	5.728377322868972
1.02	5.7283197252475535
1.0300000000000002	5.726691567018762
1.04	5.723391312216571
1.0499999999999998	5.718498868411593
1.06	5.711541396191181
1.0699999999999998	5.702762604331209
1.08	5.691373053947659
1.0899999999999999	5.677751175663127
1.1	5.660891988165136
1.1099999999999999	5.641260665153605
1.12	5.617760221179332
1.13	5.590884940375734
1.1400000000000001	5.559900701332935
1.15	5.5243226041683995
1.1600000000000001	5.484436577556247
1.17	5.4396729229469765
1.1800000000000002	5.3901543411218515
1.19	5.335685829569765
1.2000000000000002	5.276206683125264
1.21	5.211932591621111
1.2200000000000002	5.14262021789365
1.23	5.068884816684736
1.2400000000000002	4.990319906638087
1.25	4.90788949779801
1.2600000000000002	4.82105788095665
1.27	4.731057253924522
1.2800000000000002	4.637265281713331
1.29	4.541085336088249
1.3000000000000003	4.44185348970384
1.31	4.34104469981874
1.3199999999999998	4.23852487940943
1.33	4.134161685488671
1.3399999999999999	4.029410890916048
1.35	3.9236192533756857
1.3599999999999999	3.818149346903832
1.37	3.712395155252878
1.38	3.607572561001459
1.3900000000000001	3.5031451751213414
1.4	3.400149746608509
1.4100000000000001	3.2981325567268236
1.42	3.1979375155898193
1.4300000000000002	3.099198425457501
1.44	3.002567821015618
1.4500000000000002	2.9077653693943155
1.46	2.815264593418943
1.4700000000000002	2.724864773504259
1.48	2.636879733786461
1.4900000000000002	2.5539196849881414
1.5	2.446017012615945
1.5100000000000002	2.3131015543485436
1.52	2.275815553693909
1.5300000000000002	2.306733997720037
1.54	2.2249630546470764
1.5500000000000003	2.085329331314091
1.56	2.00831547961075
1.5699999999999998	1.952870055839798
1.58	1.8886283331123326
1.5899999999999999	1.8266219996390727
1.6	1.7669613926577679
1.6099999999999999	1.7096650792474544
1.62	1.6540874725877526
1.63	1.600465894549946
1.6400000000000001	1.5487322754825164
1.65	1.499006527455104
1.6600000000000001	1.4515819515332964
1.67	1.4056245547968182
1.6800000000000002	1.3611428103306518
1.69	1.3183219153811594
1.7000000000000002	1.277258403982173
1.71	1.237640508229055
1.7200000000000002	1.1995697883490892
1.73	1.162844895693399
1.7400000000000002	1.1275537122720105
1.75	1.093504899719567
1.7600000000000002	1.0607807845832964
1.77	1.029202803449657
1.7800000000000002	0.9988478588754268
1.79	0.9695491096828478
1.8000000000000003	0.9413780501733332
1.81	0.9141797813124323
1.8199999999999998	0.8879683848305477
1.83	0.862756891862088
1.8399999999999999	0.8384019599285502
1.85	0.8149677379887273
1.8599999999999999	0.7923219574098894
1.87	0.7705237826865696
1.88	0.7494514789098138
1.8900000000000001	0.7291594847370613
1.9	0.7095359145722846
1.9100000000000001	0.6906307903047253
1.92	0.6723414135368251
1.9300000000000002	0.6547136856959155
1.94	0.6376534846715706
1.9500000000000002	0.6212028789110478
1.96	0.6052756039362092
1.9700000000000002	0.5899102098120567
1.98	0.575027703736109
1.9900000000000002	0.5606633840406597
2.	0.5467449402803969
2.0100000000000002	0.533304686404
2.02	0.5202764107572372
2.0300000000000002	0.5076897008416056
2.04	0.49548394075756097
2.0500000000000003	0.48368621732756767
2.06	0.47224103910269066
2.0700000000000003	0.46117321176411813
2.08	0.4504318386145145
2.09	0.4400396613885734
2.1	0.42995010779400733
2.11	0.42018399737491074
2.12	0.41069860431540334
2.13	0.4015130271663912
2.14	0.3925880851314324
2.15	0.3839413004776315
2.16	0.3755366514526097
2.17	0.3673902384110439
2.18	0.359469044461011
2.19	0.35178783559240023
2.2	0.3443162534841252
2.21	0.3370678794400307
2.22	0.3300147524021744
2.23	0.32316937761641973
2.24	0.3165060416100416
2.25	0.31003624504372246
2.2600000000000002	0.30374429457786817
2.27	0.2976169013385586
2.2800000000000002	0.2916633568891339
2.29	0.2858635819558518
2.3000000000000003	0.280226185460943
2.31	0.27473251268670823
2.3200000000000003	0.26939049910873875
2.33	0.26418298584858263
2.34	0.2591115328042806
2.35	0.2541775846553499
2.36	0.24936524992710107
2.37	0.24468164423844005
2.38	0.24011206168015653
2.39	0.23566309048847142
2.4	0.23132108370179444
2.41	0.22709215013663114
2.42	0.22296368065777963
2.43	0.21894132583776008
2.44	0.21501336591965675
2.45	0.2111850518550094
2.46	0.20744550220454147
2.47	0.2037995923417693
2.48	0.20023721891511673
2.49	0.1967629107761036
2.5	0.193367263964314
2.5100000000000002	0.19005449310620656
2.52	0.18681585315239765
2.5300000000000002	0.18365526418218558
2.54	0.18056458552082133
2.5500000000000003	0.1775474684736175
2.56	0.1745963113811295
2.5700000000000003	0.17171452144775728
2.58	0.16889502606287804
2.59	0.16614099829859036
2.6	0.1634458248043009
2.61	0.16081247185792755
2.62	0.15823476380474805
2.63	0.15571547069673927
2.64	0.15324882458104572
2.65	0.1508374136912859
2.66	0.14847583926907956
2.67	0.1461665236897429
2.68	0.14390441585831967
2.69	0.14169178324244366
2.7	0.13952388807796925
2.71	0.13740285595268256
2.72	0.13532425645751983
2.73	0.13329007929518466
2.74	0.1312961593721941
2.75	0.12934436615298997
2.7600000000000002	0.12743212962949052
2.77	0.12555720159284475
2.7800000000000002	0.12372116854820636
2.79	0.12192058454360861
2.8000000000000003	0.12015694217016137
2.81	0.118426998290304
2.8200000000000003	0.11673215582044598
2.83	0.11506936752485106
2.84	0.11343891042494973
2.85	0.1118410457042438
2.86	0.11027290034421293
2.87	0.1087357648348848
2.88	0.10722693586003484
2.89	0.10574762834264019
2.9	0.10429529139484947
2.91	0.10287107114082739
2.92	0.10147256376616684
2.93	0.10010084972059903
2.94	0.09875365931470793
2.95	0.0974320126765507
2.96	0.09613376715516221
2.97	0.09485988589140221
2.98	0.09360834493967338
2.99	0.0923798802801929
3.	0.09117449191296084