-1.	0.13870898142270272
-0.99	0.33127718385443994
-0.98	0.4519585908604549
-0.97	0.5007532024407475
-0.96	0.4776610185953175
-0.95	0.36458294121699825
-0.94	0.36060904948462613
-0.9299999999999999	0.4000786139813031
-0.92	0.4088993415775588
-0.91	0.4088155609094519
-0.9	0.45700882949821725
-0.89	0.5448473623566321
-0.88	0.538554564259209
-0.87	0.474792532424912
-0.86	0.4853845783470884
-0.85	0.520289810470022
-0.84	0.6026647899332025
-0.83	0.7428985036883461
-0.8200000000000001	0.7340858507086185
-0.81	0.6340267588377972
-0.8	0.63454242590166
-0.79	0.6688589632022777
-0.78	0.7042043551137599
-0.77	0.758007227783712
-0.76	0.7696407560920382
-0.75	0.754896283812069
-0.74	0.782576329917553
-0.73	0.8290512016079852
-0.72	0.8790374437939256
-0.71	0.9456890823471263
-0.7	0.9454456530360728
-0.69	0.8950003658768741
-0.6799999999999999	0.9893061539652526
-0.6699999999999999	1.0516683014841146
-0.6599999999999999	1.072619734587379
-0.6499999999999999	1.1086761719652374
-0.64	1.1546998210094896
-0.63	1.2129766110665188
-0.62	1.2583613193261256
-0.61	1.2963443804263204
-0.6	1.3671119045897862
-0.59	1.458612810596786
-0.5800000000000001	1.5426645509736927
-0.5700000000000001	1.6309620445869992
-0.56	1.7075913737998103
-0.55	1.7781073333224409
-0.54	1.8450628518890007
-0.53	1.9066655447026997
-0.52	1.9724199295917775
-0.51	2.034229836820938
-0.5	2.1431350621654777
-0.49	2.287283988026313
-0.48	2.392885224892164
-0.47	2.483867457357866
-0.45999999999999996	2.609997713684032
-0.44999999999999996	2.710661049965395
-0.43999999999999995	2.7574317537579276
-0.42999999999999994	2.8407297223043013
-0.42000000000000004	2.9523349649460893
-0.41000000000000003	3.101101793930392
-0.4	3.1896327745391297
-0.39	3.246934022571424
-0.38	3.343528003109256
-0.37	3.45676874415217
-0.36	3.553672077377258
-0.35	3.6499403474341046
-0.33999999999999997	3.680281539084171
-0.32999999999999996	3.7269110266278216
-0.31999999999999995	3.795700968140972
-0.30999999999999994	3.8536571869628315
-0.29999999999999993	3.9070636502046563
-0.29000000000000004	3.946887992475689
-0.28	3.9739513379023608
-0.27	3.9875859148201975
-0.26	3.995137211538443
-0.25	3.993224451101474
-0.24	3.9896542267841753
-0.22999999999999998	3.9828794916565746
-0.21999999999999997	3.9525181086009935
-0.20999999999999996	3.9207134553425607
-0.19999999999999996	3.8893450752118555
-0.18999999999999995	3.8490000938794013
-0.17999999999999994	3.7976957966628273
-0.16999999999999993	3.7432378675210205
-0.16000000000000003	3.684916698821356
-0.15000000000000002	3.6228727880817986
-0.14	3.5555606626047247
-0.13	3.48356424219283
-0.12	3.4066422998069443
-0.10999999999999999	3.3234991052491596
-0.09999999999999998	3.256818871019886
-0.08999999999999997	3.180535552175617
-0.07999999999999996	3.088862992722682
-0.06999999999999995	3.0028461837583125
-0.05999999999999994	2.92354206322376
-0.04999999999999993	2.8427828040062733
-0.040000000000000036	2.761310935843376
-0.030000000000000027	2.678627545514095
-0.020000000000000018	2.600220678449126
-0.010000000000000009	2.5247000010191476
0.	2.4454070014239098
0.010000000000000009	2.363793843007077
0.020000000000000018	2.298006460696948
0.030000000000000027	2.223582767399178
0.040000000000000036	2.130979645649599
0.050000000000000044	2.0515870765736506
0.06000000000000005	1.9840278429609057
0.07000000000000006	1.9242417968586785
0.08000000000000007	1.891104266541687
0.09000000000000008	1.8337231362426303
0.10000000000000009	1.728077645985849
0.1100000000000001	1.65294791464623
0.1200000000000001	1.6243492706435876
0.13000000000000012	1.5785445311047084
0.14000000000000012	1.5017816819833567
0.15000000000000013	1.4478130576249844
0.15999999999999992	1.4117520821800047
0.16999999999999993	1.3996992987338073
0.17999999999999994	1.344548733347096
0.18999999999999995	1.2664331842724224
0.19999999999999996	1.2123157664889097
0.20999999999999996	1.1624774404174973
0.21999999999999997	1.1459751815113597
0.22999999999999998	1.1620189769242821
0.24	1.1030710661519332
0.25	0.9965161720701147
0.26	0.9712733850623313
0.27	0.9887315068531596
0.28	0.9579373569382391
0.29000000000000004	0.9090051241643818
0.30000000000000004	0.8893689253425344
0.31000000000000005	0.846276932282674
0.32000000000000006	0.7343401311915637
0.33000000000000007	0.6886065720751554
0.3400000000000001	0.7599099937643745
0.3500000000000001	0.7746956019726857
0.3600000000000001	0.6959021979114733
0.3700000000000001	0.6688367768210661
0.3800000000000001	0.7353309373866503
0.3900000000000001	0.7440210344138792
0.40000000000000013	0.655419521877625
0.4099999999999999	0.6159580626455802
0.41999999999999993	0.6123246873661339
0.42999999999999994	0.6504298345841406
0.43999999999999995	0.6652586803062163
0.44999999999999996	0.6945040137638432
0.45999999999999996	0.5836044493842549
0.47	0.35213648580765805
0.48	0.4030041802828412
0.49	0.6273350663386165
0.5	0.6111100461629
0.51	0.47579890373794
0.52	0.5413104065073417
0.53	0.7098007153936654
0.54	0.777916990474329
0.55	0.7517269445298213
0.56	1.3778970966650943
0.5700000000000001	2.668167571245637
0.5800000000000001	-0.1907077548583334
0.5900000000000001	-1.3977516263633591
0.6000000000000001	-1.1829306441799656
0.6100000000000001	-0.080825747403254
0.6200000000000001	4.7527314488285635
0.6300000000000001	5.629923120919309
0.6400000000000001	-1.3533893603242992
0.6500000000000001	-3.538870308721496
0.6600000000000001	2.44101467464595
0.6699999999999999	4.160962071207438
0.6799999999999999	2.7505449281058967
0.69	-2.774770377770042
0.7	-1.585113992196397
0.71	3.1542271116238534
0.72	2.9419302220278207
0.73	0.6111788987886935
0.74	-0.9977551689471702
0.75	-3.3896838836161716
0.76	-1.3727630750033244
0.77	4.007811524759497
0.78	3.481816288262968
0.79	-0.17309914490769826
0.8	-0.4301863005525366
0.81	0.5358059225387822
0.8200000000000001	0.6773602098117749
0.8300000000000001	0.4115268794293634
0.8400000000000001	-0.7972285330403535
0.8500000000000001	-1.3818346472127696
0.8600000000000001	-0.9678783953804319
0.8700000000000001	-0.524498719333121
0.8800000000000001	0.012913643715154613
0.8900000000000001	0.6443586937643951
0.9000000000000001	2.333563237683325
0.9100000000000001	2.3098127057243483
0.9199999999999999	1.6572997556148115
0.9299999999999999	0.24610191780912266
0.94	-0.49463364269155796
0.95	-1.2240949899013511
0.96	-0.40780207966950893
0.97	1.7238537764867279
0.98	1.5672568286540387
0.99	0.21669297891864675
1.	0.04948030398538459
1.0100000000000002	0.2535092353980288
1.02	0.252712719355705
1.0300000000000002	0.25729367879764126
1.04	0.2592881765958256
1.0499999999999998	0.25906029308532075
1.06	0.28446089309248157
1.0699999999999998	0.3056125794989224
1.08	0.5397632613014288
1.0899999999999999	1.0138821616116134
1.1	0.5623161902145594
1.1099999999999999	-0.5647752209752129
1.12	-0.4565334621576265
1.13	0.31230639176051483
1.1400000000000001	0.3146922089992209
1.15	0.3217990656197609
1.1600000000000001	0.2938097445949599
1.17	0.26755042511837995
1.1800000000000002	0.21826147417941572
1.19	0.20482533775883763
1.2000000000000002	0.25178491756546634
1.21	0.27692662240484844
1.2200000000000002	0.24752288463786964
1.23	0.27412791307071244
1.2400000000000002	0.4535228415265636
1.25	0.49192099979011394
1.2600000000000002	0.015497169587432635
1.27	0.12571736872567166
1.2800000000000002	1.7952292012828814
1.29	2.0738852515926105
1.3000000000000003	-0.1480973210131836
1.31	-1.0812788507806392
1.3199999999999998	-1.0701538527783856
1.33	-0.09379568158496583
1.3399999999999999	1.6176025631642144
1.35	4.646465014951529
1.3599999999999999	3.5068986040137444
1.37	-0.33471599064015034
1.38	-1.0649939590569886
1.3900000000000001	-0.7212925613116669
1.4	-0.14622117639321297
1.4100000000000001	1.2417489657477856
1.42	0.41623891052407647
1.4300000000000002	-2.0380703905302613
1.44	-0.4471535859411255
1.4500000000000002	3.817615905198917
1.46	3.1452442870120563
1.4700000000000002	-0.26677823008127916
1.48	-0.1468687771945365
1.4900000000000002	1.5408054128602304
1.5	1.3157524254691615
1.5100000000000002	0.23338811720056332
1.52	0.6061057242586027
1.5300000000000002	1.7976685639453596
1.54	1.5571072011213172
1.5500000000000003	0.5795765120642624
1.56	0.2222505982765566
1.5699999999999998	-0.04713068466109694
1.58	0.19759784585391596
1.5899999999999999	0.8942341238426982
1.6	1.02234014466263
1.6099999999999999	0.9373771371130587
1.62	0.8110236029715632
1.63	0.544672695434108
1.6400000000000001	0.6338050667710569
1.65	0.6655293166954487
1.6600000000000001	0.5950941830708816
1.67	0.6126101861410965
1.6800000000000002	0.7998005968632584
1.69	0.8843987900442261
1.7000000000000002	0.808913443160757
1.71	0.7995123494500722
1.7200000000000002	0.8933481485445867
1.73	0.9317091331458488
1.7400000000000002	0.8766714670664942
1.75	0.8722036266463961
1.7600000000000002	0.9316708325366612
1.77	0.9823266088617731
1.7800000000000002	1.0325154717905707
1.79	1.0774766208276325
1.8000000000000003	1.114873597861645
1.81	1.1523218628225829
1.8199999999999998	1.1891291011713578
1.83	1.223734600488399
1.8399999999999999	1.273306197389008
1.85	1.3355579122787253
1.8599999999999999	1.366964174235417
1.87	1.377295579291228
1.88	1.4331778547811176
1.8900000000000001	1.5141328842875348
1.9	1.5789170390637328
1.9100000000000001	1.6434079375088961
1.92	1.6979262922190164
1.9300000000000002	1.74394619624499
1.94	1.8039697756430257
1.9500000000000002	1.8702705763868903
1.96	1.9378310885403474
1.9700000000000002	2.0091375466637653
1.98	2.076911410338074
1.9900000000000002	2.1430911222304783
2.	2.2154679746780435
2.0100000000000002	2.2916389146811413
2.02	2.3668723558874665
2.0300000000000002	2.4420852376051028
2.04	2.526117572854397
2.0500000000000003	2.6177336136982574
2.06	2.6951665353633483
2.0700000000000003	2.764898947403785
2.08	2.842689443817686
2.09	2.9227264545259324
2.1	3.0059028744063716
2.11	3.0926533499135096
2.12	3.1746251905363256
2.13	3.25488239258991
2.14	3.3331317586523173
2.15	3.409612948368688
2.16	3.482862495330204
2.17	3.5537065803798282
2.18	3.618911079880183
2.19	3.6790290604035283
2.2	3.7409132842044728
2.21	3.803951174096848
2.22	3.847470030110038
2.23	3.87699077268188
2.24	3.9144740768785926
2.25	3.953757233612635
2.2600000000000002	3.9725854918118695
2.27	3.9843059048404994
2.2800000000000002	3.9854947577183677
2.29	3.984053494236398
2.3000000000000003	3.9876143228799372
2.31	3.9732133093665514
2.3200000000000003	3.934961557593259
2.33	3.894794515413866
2.34	3.850718051205298
2.35	3.8041124734560094
2.36	3.7397943887929648
2.37	3.6600300005410706
2.38	3.600624645618471
2.39	3.553504556532217
2.4	3.464259828032152
2.41	3.3491856522018812
2.42	3.2466745371223205
2.43	3.1403238807920553
2.44	3.0569922729029213
2.45	2.99179682653094
2.46	2.891014939072482
2.47	2.770432731910887
2.48	2.67129328024387
2.49	2.5812935301598587
2.5	2.4707947738952267
2.5100000000000002	2.3452841300322222
2.52	2.262958125220567
2.5300000000000002	2.210418086975482
2.54	2.1022633060305984
2.5500000000000003	1.960978808680607
2.56	1.8808321427493162
2.5700000000000003	1.8338509254378577
2.58	1.750661176238493
2.59	1.6537253692181235
2.6	1.5734522116717775
2.61	1.4967885766194982
2.62	1.445684031660755
2.63	1.4199592278214348
2.64	1.3337887334189338
2.65	1.2058582821759627
2.66	1.1739265298731583
2.67	1.2029745060472283
2.68	1.1271762626718673
2.69	0.9927694239853359
2.7	0.9544439154720183
2.71	0.9649190003551872
2.72	0.9255230812413393
2.73	0.8669680692487045
2.74	0.846109331650781
2.75	0.8496084501555276
2.7600000000000002	0.7676321821272608
2.77	0.7096451010058952
2.7800000000000002	0.6743641307048215
2.79	0.6452878478187304
2.8000000000000003	0.6311066504883216
2.81	0.6120472996779937
2.8200000000000003	0.5875051231102214
2.83	0.5640862793070978
2.84	0.5411902084029772
2.85	0.5187138806322671
2.86	0.4977906234164719
2.87	0.4764464441850055
2.88	0.471861951528285
2.89	0.4828798900593481
2.9	0.45350763467310456
2.91	0.39665969601726364
2.92	0.3942469573873726
2.93	0.4255740833204601
2.94	0.39064623072701277
2.95	0.31568070192214387
2.96	0.3122665437976495
2.97	0.34792779381179156
2.98	0.333543852356497
2.99	0.3015222101983368
3.	0.25186286733731383