-1.	0.1503917091984301
-0.99	0.15229190417549138
-0.98	0.15422622374825823
-0.97	0.15619466791673067
-0.96	0.15819723668090874
-0.95	0.16023367928009707
-0.94	0.16230675408194423
-0.9299999999999999	0.16441519452684558
-0.92	0.16656189929985754
-0.91	0.16874553333244477
-0.9	0.17096918763827068
-0.89	0.1732314461692753
-0.88	0.1755355213994645
-0.87	0.17787993401487864
-0.86	0.18026810657304987
-0.85	0.18269846860810246
-0.84	0.18517460501454033
-0.83	0.18769486686469952
-0.8200000000000001	0.19026305278486813
-0.81	0.19287741773616138
-0.8	0.1955419626411606
-0.79	0.19825484868803864
-0.78	0.20102029911656943
-0.77	0.20383637171974056
-0.76	0.20670753781559298
-0.75	0.20963174288847
-0.74	0.2126137013384315
-0.73	0.2156512447598008
-0.72	0.2187493680147824
-0.71	0.22190577668558184
-0.7	0.22512572991911928
-0.69	0.22840680542534064
-0.6799999999999999	0.23175247110199318
-0.6699999999999999	0.23516657439631602
-0.6599999999999999	0.23864630023533695
-0.6499999999999999	0.24219791833492738
-0.64	0.24582085872091705
-0.63	0.24951451925550006
-0.62	0.2532855234545418
-0.61	0.2571308246130292
-0.6	0.26105744242264517
-0.59	0.26506214679025203
-0.5800000000000001	0.2691523899736326
-0.5700000000000001	0.2733247447371156
-0.56	0.27758710164195644
-0.55	0.28193582943812584
-0.54	0.28637930963092406
-0.53	0.2909136865038825
-0.52	0.2955478469169543
-0.51	0.30027770083594796
-0.5	0.30511269119715595
-0.49	0.31004847395765134
-0.48	0.31509506184445985
-0.47	0.3202478453388756
-0.45999999999999996	0.3255133585455809
-0.44999999999999996	0.33089905651202767
-0.43999999999999995	0.3363995447436586
-0.42999999999999994	0.34202682581158306
-0.42000000000000004	0.3477798085729727
-0.41000000000000003	0.3536573293242861
-0.4	0.3596721888044813
-0.39	0.3658184948709147
-0.38	0.3721098581368335
-0.37	0.37854001504770435
-0.36	0.38512342225040547
-0.35	0.3918534236591992
-0.33999999999999997	0.3987394474831411
-0.32999999999999996	0.40579229313228576
-0.31999999999999995	0.4130041346833744
-0.30999999999999994	0.42039239444961835
-0.29999999999999993	0.4279487425129993
-0.29000000000000004	0.4356917305697647
-0.28	0.44361967210207404
-0.27	0.4517307699773813
-0.26	0.46004479265369
-0.25	0.4685526416436891
-0.24	0.4772753264757847
-0.22999999999999998	0.4862031728969249
-0.21999999999999997	0.49534990216685615
-0.20999999999999996	0.5047311844654686
-0.19999999999999996	0.5143356416914788
-0.18999999999999995	0.5241886116539028
-0.17999999999999994	0.5342779972142732
-0.16999999999999993	0.5446307310511208
-0.16000000000000003	0.5552443647391244
-0.15000000000000002	0.5661162928692272
-0.14	0.5772751749410564
-0.13	0.588707822566016
-0.12	0.6004446700201563
-0.10999999999999999	0.6124717113485566
-0.09999999999999998	0.6248087990823538
-0.08999999999999997	0.6374784860789316
-0.07999999999999996	0.6504644269526297
-0.06999999999999995	0.66380299435422
-0.05999999999999994	0.6774768742014992
-0.04999999999999993	0.6915245870578326
-0.040000000000000036	0.7059426310538235
-0.030000000000000027	0.7207273018978309
-0.020000000000000018	0.7359193467979054
-0.010000000000000009	0.751500037489786
0.	0.7675123960481423
0.010000000000000009	0.7839366552791844
0.020000000000000018	0.8008008074058458
0.030000000000000027	0.8181360973938335
0.040000000000000036	0.8359199927237735
0.050000000000000044	0.8542025237795167
0.06000000000000005	0.8729600828256138
0.07000000000000006	0.8922450835385883
0.08000000000000007	0.9120329069863189
0.09000000000000008	0.9323781518130082
0.10000000000000009	0.9532552288574953
0.1100000000000001	0.9747208586519213
0.1200000000000001	0.9967485633392594
0.13000000000000012	1.0193969768933002
0.14000000000000012	1.0426388633186152
0.15000000000000013	1.0665344631091835
0.15999999999999992	1.0910782998564614
0.16999999999999993	1.1162647806052048
0.17999999999999994	1.142155427863109
0.18999999999999995	1.1687222083106448
0.19999999999999996	1.196027398431845
0.20999999999999996	1.2240426745734703
0.21999999999999997	1.2528304909850185
0.22999999999999998	1.2823625132532392
0.24	1.312700602925894
0.25	1.3438167819118751
0.26	1.3757713630223276
0.27	1.4085371714404897
0.28	1.4421718789061648
0.29000000000000004	1.476649636773225
0.30000000000000004	1.5120066137990775
0.31000000000000005	1.5482713698908592
0.32000000000000006	1.5854247587841492
0.33000000000000007	1.6235074156249403
0.3400000000000001	1.6625043309085028
0.3500000000000001	1.7024466219863434
0.3600000000000001	1.743324472172069
0.3700000000000001	1.785157098015386
0.3800000000000001	1.8279410421065405
0.3900000000000001	1.8716810081849284
0.40000000000000013	1.9163811682197716
0.4099999999999999	1.9620288733608608
0.41999999999999993	2.008625273503672
0.42999999999999994	2.056173371552437
0.43999999999999995	2.1046401355605875
0.44999999999999996	2.154042716474469
0.45999999999999996	2.204324581670551
0.47	2.2555138473755263
0.48	2.307527365589888
0.49	2.360405619364561
0.5	2.4140358871373873
0.51	2.468472336183692
0.52	2.5235700127235456
0.53	2.579397924301124
0.54	2.6357768030502133
0.55	2.6927913765840175
0.56	2.7502267126221427
0.5700000000000001	2.8081837785485404
0.5800000000000001	2.8664946059197165
0.5900000000000001	2.925022340439408
0.6000000000000001	2.983962904335806
0.6100000000000001	3.0428345352465325
0.6200000000000001	3.1017797409587566
0.6300000000000001	3.16052706564836
0.6400000000000001	3.219171204560638
0.6500000000000001	3.277519609727059
0.6600000000000001	3.3358075286148186
0.6699999999999999	3.393436167681253
0.6799999999999999	3.450459962702969
0.69	3.504847569264412
0.7	3.57894377593666
0.71	3.6706251140735766
0.72	3.7138705844983333
0.73	3.7294612840733303
0.74	3.752889144019482
0.75	3.7658652674771
0.76	3.8275997950190983
0.77	3.9236340887207053
0.78	3.9761726034627567
0.79	4.011252266872719
0.8	4.053649055525127
0.81	4.094372960862355
0.8200000000000001	4.133268713453782
0.8300000000000001	4.170253070659794
0.8400000000000001	4.205380205506727
0.8500000000000001	4.238541390301535
0.8600000000000001	4.269768490776039
0.8700000000000001	4.2990010580909885
0.8800000000000001	4.326251574162769
0.8900000000000001	4.351500825931125
0.9000000000000001	4.374746009735498
0.9100000000000001	4.395999638907485
0.9199999999999999	4.415260575871484
0.9299999999999999	4.432525802530949
0.94	4.4478285179478805
0.95	4.4611527922867
0.96	4.472541057490768
0.97	4.481974161862567
0.98	4.489493046301344
0.99	4.495080043428192
1.	4.49876573081408
1.0100000000000002	4.500537704359885
1.02	4.500410098872081
1.0300000000000002	4.498378228627739
1.04	4.494437097353185
1.0499999999999998	4.488590619734739
1.06	4.480815719317588
1.0699999999999998	4.471124113011566
1.08	4.459479220627775
1.0899999999999999	4.445898192836891
1.1	4.430338693017046
1.1099999999999999	4.412819580077601
1.12	4.393302752503071
1.13	4.371804120318112
1.1400000000000001	4.34829953475508
1.15	4.3228014630619835
1.1600000000000001	4.295294464971507
1.17	4.2658199393348815
1.1800000000000002	4.234342565075282
1.19	4.200949125441169
1.2000000000000002	4.165581709380071
1.21	4.128377876474154
1.2200000000000002	4.089255871776727
1.23	4.048406131495641
1.2400000000000002	4.005723342729004
1.25	3.9614495069050455
1.2600000000000002	3.9154575158059948
1.27	3.868036416673657
1.2800000000000002	3.819040352311403
1.29	3.768798168199502
1.3000000000000003	3.717149217635763
1.31	3.6644530676811398
1.3199999999999998	3.6106770304209985
1.33	3.555786613431861
1.3399999999999999	3.5001612333719803
1.35	3.4436275647176062
1.3599999999999999	3.386574521596945
1.37	3.3288254494824723
1.38	3.27076789166411
1.3900000000000001	3.212226736625877
1.4	3.153578037883825
1.4100000000000001	3.094652529333669
1.42	3.0358079240583087
1.4300000000000002	2.9768840541873787
1.44	2.9182119139632694
1.4500000000000002	2.859643843102841
1.46	2.801480127751029
1.4700000000000002	2.743587354643693
1.48	2.686231925106611
1.4900000000000002	2.6292959983442197
1.5	2.5730102178045775
1.5100000000000002	2.517273007745643
1.52	2.462279127537606
1.5300000000000002	2.4079432290558054
1.54	2.3544251041907227
1.5500000000000003	2.3016551393138305
1.56	2.2497599167769717
1.5699999999999998	2.1986846936747977
1.58	2.148525312558763
1.5899999999999999	2.0992407498348893
1.6	2.05089889483116
1.6099999999999999	2.00347114717522
1.62	1.9570005536510577
1.63	1.911469523166146
1.6400000000000001	1.8668984134603723
1.65	1.8232821058080573
1.6600000000000001	1.7806251189885811
1.67	1.73891436832353
1.6800000000000002	1.6981605227109446
1.69	1.658337513850812
1.7000000000000002	1.6194610591267482
1.71	1.5814944528088035
1.7200000000000002	1.5444573625020124
1.73	1.5083048787250133
1.7400000000000002	1.4730597567490324
1.75	1.4386706469485344
1.7600000000000002	1.4051625761793902
1.77	1.3724795579943352
1.7800000000000002	1.3406482099383221
1.79	1.3096093303745422
1.8000000000000003	1.279390599603408
1.81	1.249930697207982
1.8199999999999998	1.221235197771621
1.83	1.1933097581398484
1.8399999999999999	1.1660921530118922
1.85	1.1396106698276387
1.8599999999999999	1.1138030479514132
1.87	1.0886975678067368
1.88	1.064232187277559
1.8900000000000001	1.0404349878989072
1.9	1.017245241249666
1.9100000000000001	0.9946904173669786
1.92	0.9727112595267182
1.9300000000000002	0.9513345624576275
1.94	0.9305026110400347
1.9500000000000002	0.9102414309889642
1.96	0.8904955999178231
1.9700000000000002	0.8712901205890201
1.98	0.8525716521624226
1.9900000000000002	0.8343642380646902
2.	0.8166167639630867
2.0100000000000002	0.7993522417047524
2.02	0.7825219983020757
2.0300000000000002	0.7661479544386631
2.04	0.7501836745452811
2.0500000000000003	0.7346500375181323
2.06	0.7195031177759191
2.0700000000000003	0.7047626899569727
2.08	0.6903869353648339
2.09	0.676394646554643
2.1	0.6627463802056905
2.11	0.6494598685111398
2.12	0.6364978306290432
2.13	0.6238770219163636
2.14	0.6115622568143056
2.15	0.5995693491489261
2.16	0.5878650890687868
2.17	0.576464391965358
2.18	0.565336027938225
2.19	0.5544940279239439
2.2	0.5439089712220608
2.21	0.5335940686190398
2.22	0.5235216842655992
2.23	0.5137042387351807
2.24	0.5041156491170607
2.25	0.4947676226504075
2.2600000000000002	0.4856440569330332
2.27	0.4767308917815299
2.2800000000000002	0.46803808555768417
2.29	0.4595439903567924
2.3000000000000003	0.45125795009064656
2.31	0.44315968097799396
2.3200000000000003	0.43525795021338143
2.33	0.427533718957117
2.34	0.41998871801280885
2.35	0.41262458008950575
2.36	0.40542334538766506
2.37	0.39839307311075756
2.38	0.3915169512187709
2.39	0.3848025308639885
2.4	0.37823399753133635
2.41	0.37181845438423566
2.42	0.36554102468534505
2.43	0.35940838753664944
2.44	0.35340657976567685
2.45	0.3475418717656154
2.46	0.3418011419012818
2.47	0.33619028972831155
2.48	0.3306969066754442
2.49	0.32532655724767773
2.5	0.3200676661750741
2.5100000000000002	0.31492543773026005
2.52	0.30988892599408996
2.5300000000000002	0.3049630474882669
2.54	0.30013750415063606
2.5500000000000003	0.29541692139735537
2.56	0.2907916118993029
2.5700000000000003	0.28626592826394637
2.58	0.2818307411256271
2.59	0.27749014967015506
2.6	0.27323558031625556
2.61	0.26907089067966633
2.62	0.26498794131237396
2.63	0.2609903863441013
2.64	0.25707058813995365
2.65	0.2532319748348449
2.66	0.2494673874843034
2.67	0.24578005295173058
2.68	0.24216311151759884
2.69	0.238619637938904
2.7	0.23514324876680417
2.71	0.23173681590932046
2.72	0.22839428217359
2.73	0.22511837193298412
2.74	0.22190334585187044
2.75	0.2187517826230652
2.7600000000000002	0.21566012042258254
2.77	0.21262524814735928
2.7800000000000002	0.2096494074366345
2.79	0.20672770321994316
2.8000000000000003	0.20386222233560278
2.81	0.201048449745856
2.8200000000000003	0.19828839228694928
2.83	0.19557765991864393
2.84	0.19291665173550698
2.85	0.19030573470375908
2.86	0.18774087219497312
2.87	0.18522389020533342
2.88	0.18275084929052024
2.89	0.18032351445156844
2.9	0.17793822845437232
2.91	0.175596636175352
2.92	0.17329527291030736
2.93	0.1710357037983532
2.94	0.1688145711260256
2.95	0.1666333780638321
2.96	0.16448902059004497
2.97	0.16238289949821716
2.98	0.16031202214617551
2.99	0.15827747676743745
3.	0.15627926336200312