-1.	0.011104378298580169
-0.99	0.011253801912483678
-0.98	0.01140618122934539
-0.97	0.011561516249165304
-0.96	0.011719806971943417
-0.95	0.01188102817293301
-0.94	0.012045457324348023
-0.9299999999999999	0.012212967444975265
-0.92	0.01238384543930404
-0.91	0.012557958948804512
-0.9	0.012735616299347694
-0.89	0.012916675820065272
-0.88	0.013101462587024668
-0.87	0.01328982652341911
-0.86	0.013482118169853428
-0.85	0.013678176537998805
-0.84	0.013878370337052855
-0.83	0.01408252917462515
-0.8200000000000001	0.014291052530219894
-0.81	0.014503758002991342
-0.8	0.014721054084225908
-0.79	0.014942749489318827
-0.78	0.015169314383776885
-0.77	0.015400535290693882
-0.76	0.015636879794010936
-0.75	0.015878130564892432
-0.74	0.016124807884765686
-0.73	0.016376672897313673
-0.72	0.016634271896314428
-0.71	0.016897351968044688
-0.7	0.01716650998834831
-0.69	0.017441471649136706
-0.6799999999999999	0.017722619186539848
-0.6699999999999999	0.018010404587289003
-0.6599999999999999	0.018304499997245448
-0.6499999999999999	0.018605636756280658
-0.64	0.018913748378951767
-0.63	0.019228764395758373
-0.62	0.01955145997120496
-0.61	0.019881474758116902
-0.6	0.02021967191739714
-0.59	0.020565655445962755
-0.5800000000000001	0.020920328734114035
-0.5700000000000001	0.021283273395821332
-0.56	0.0216554781162097
-0.55	0.0220364885240046
-0.54	0.022427347962725674
-0.53	0.02282757068210396
-0.52	0.023238326561019443
-0.51	0.02365907874738954
-0.5	0.024091053098602825
-0.49	0.02453367919380798
-0.48	0.024988328232815334
-0.47	0.025454370090585453
-0.45999999999999996	0.02593268159759625
-0.44999999999999996	0.0264243035268567
-0.43999999999999995	0.02692844968118503
-0.42999999999999994	0.02744689040265231
-0.42000000000000004	0.027979464751070233
-0.41000000000000003	0.02852600428758488
-0.4	0.02908836183958961
-0.39	0.02966567630544699
-0.38	0.0302600084935952
-0.37	0.030870405481299386
-0.36	0.03149910618489019
-0.35	0.03214507302167747
-0.33999999999999997	0.03280979061127522
-0.32999999999999996	0.03349504132129573
-0.31999999999999995	0.034199503830192476
-0.30999999999999994	0.03492614274901812
-0.29999999999999993	0.03567351083002575
-0.29000000000000004	0.03644484685175619
-0.28	0.03723985637979664
-0.27	0.03805821880304569
-0.26	0.03890346084361904
-0.25	0.039773936288572224
-0.24	0.040673646591831446
-0.22999999999999998	0.041600744911833736
-0.21999999999999997	0.04255779807783278
-0.20999999999999996	0.04354803120384
-0.19999999999999996	0.04456905211260089
-0.18999999999999995	0.04562624124565449
-0.17999999999999994	0.04671696740657832
-0.16999999999999993	0.04784712127514943
-0.16000000000000003	0.049016167335024445
-0.15000000000000002	0.0502235035408326
-0.14	0.05147575239165257
-0.13	0.052769836771233626
-0.12	0.0541131149620191
-0.10999999999999999	0.05550216243237506
-0.09999999999999998	0.056941855271045644
-0.08999999999999997	0.05843844003877903
-0.07999999999999996	0.05998730638971773
-0.06999999999999995	0.061598822342219105
-0.05999999999999994	0.06326778821199963
-0.04999999999999993	0.06500591112624964
-0.040000000000000036	0.06681212680067905
-0.030000000000000027	0.06868523603585909
-0.020000000000000018	0.07063843002550643
-0.010000000000000009	0.07266555129276589
0.	0.07478156730817774
0.010000000000000009	0.07697949056935156
0.020000000000000018	0.07926928839646856
0.030000000000000027	0.08166410128707569
0.040000000000000036	0.08415410522056986
0.050000000000000044	0.08676148634339247
0.06000000000000005	0.08947502684440836
0.07000000000000006	0.09232002916762877
0.08000000000000007	0.09528356676762155
0.09000000000000008	0.09839486203332234
0.10000000000000009	0.10163901998944963
0.1100000000000001	0.10504969622079353
0.1200000000000001	0.10860961871122472
0.13000000000000012	0.11235787160890123
0.14000000000000012	0.11627438152998955
0.15000000000000013	0.12040457924299244
0.15999999999999992	0.12474433467804592
0.16999999999999993	0.12928882671632722
0.17999999999999994	0.1340910876648887
0.18999999999999995	0.13912615952563773
0.19999999999999996	0.14445645104938373
0.20999999999999996	0.1500526024803515
0.21999999999999997	0.1559879361288312
0.22999999999999998	0.1622278698410703
0.24	0.16885951806718585
0.25	0.17584179023708355
0.26	0.18327822482133255
0.27	0.19111989348783884
0.28	0.1994908540073592
0.29000000000000004	0.20833242113266368
0.30000000000000004	0.21772813482567
0.31000000000000005	0.2278045601191228
0.32000000000000006	0.2384650850675817
0.33000000000000007	0.24993017793223066
0.3400000000000001	0.2620814151467775
0.3500000000000001	0.2751893444532301
0.3600000000000001	0.289107778888554
0.3700000000000001	0.30417109566559225
0.3800000000000001	0.32019747818331573
0.3900000000000001	0.33760332779134394
0.40000000000000013	0.3561607240804865
0.4099999999999999	0.37639234783861136
0.41999999999999993	0.3982506826304589
0.42999999999999994	0.4216755806421601
0.43999999999999995	0.4473286678262689
0.44999999999999996	0.47489253980372664
0.45999999999999996	0.5052121409339615
0.47	0.5378812064597328
0.48	0.5739888712729728
0.49	0.6130102218992524
0.5	0.6563627669895653
0.51	0.7033616474985716
0.52	0.7558702783210356
0.53	0.8129860735663703
0.54	0.8771838184519754
0.55	0.9472617988620065
0.56	1.0265397292011555
0.5700000000000001	1.1134016998589815
0.5800000000000001	1.2101108297497605
0.5900000000000001	1.3211729861794448
0.6000000000000001	1.4429620217612031
0.6100000000000001	1.5839146342463244
0.6200000000000001	1.739043126063333
0.6300000000000001	1.9199544910959654
0.6400000000000001	2.1198263990923207
0.6500000000000001	2.354518509774191
0.6600000000000001	2.614888346891654
0.6699999999999999	2.9221128052015426
0.6799999999999999	3.2742667124532474
0.69	3.6689103290819767
0.7	4.132880790300364
0.71	4.6537060110021695
0.72	5.2612303865054715
0.73	5.942502271227025
0.74	6.720612185310203
0.75	7.58795800460125
0.76	8.535801014218011
0.77	9.575043039683203
0.78	10.620718859775533
0.79	11.722051859996418
0.8	12.677445684715416
0.81	13.58617052633991
0.8200000000000001	14.235695344692118
0.8300000000000001	14.528966798766763
0.8400000000000001	14.461937986554224
0.8500000000000001	14.095963650555847
0.8600000000000001	13.318120714530622
0.8700000000000001	12.423608952515984
0.8800000000000001	11.288398712741484
0.8900000000000001	10.179771594066493
0.9000000000000001	9.004137255659122
0.9100000000000001	7.952048735092225
0.9199999999999999	7.006183028950107
0.9299999999999999	6.166097354583217
0.94	5.4366623211361516
0.95	4.814529618485838
0.96	4.317048221407779
0.97	3.943739190608254
0.98	3.6304749592161882
0.99	3.4012562927786427
1.	3.248585037762251
1.0100000000000002	3.1758099804284163
1.02	3.176087086035162
1.0300000000000002	3.252207122381753
1.04	3.4008477826441874
1.0499999999999998	3.621890513507594
1.06	3.9299286287315627
1.0699999999999998	4.316816361150799
1.08	4.813783894544966
1.0899999999999999	5.407029696500744
1.1	6.123449888445687
1.1099999999999999	6.951361509724895
1.12	7.911692641831641
1.13	9.008620907036196
1.1400000000000001	10.186466968635973
1.15	11.288918367349524
1.1600000000000001	12.450293687797563
1.17	13.352082770816077
1.1800000000000002	14.09635875585648
1.19	14.482048049218502
1.2000000000000002	14.499146835203286
1.21	14.225434005407811
1.2200000000000002	13.556722137365933
1.23	12.76008191996032
1.2400000000000002	11.717155294818225
1.25	10.686659250243935
1.2600000000000002	9.59329107563049
1.27	8.57945397807083
1.2800000000000002	7.616968139700103
1.29	6.747727257873277
1.3000000000000003	5.971932369122285
1.31	5.278557198645455
1.3199999999999998	4.668604135061091
1.33	4.14464305585738
1.3399999999999999	3.6784053086640722
1.35	3.2828155084432495
1.3599999999999999	2.9287775000927634
1.37	2.62906603665409
1.38	2.3595434550794288
1.3900000000000001	2.1306692021502567
1.4	1.9239400154613904
1.4100000000000001	1.7473264216298623
1.42	1.5871656774889489
1.4300000000000002	1.4493308955765674
1.44	1.3238688106424423
1.4500000000000002	1.2150563813492146
1.46	1.1156601234088734
1.4700000000000002	1.0287902367349473
1.48	0.9491684594306232
1.4900000000000002	0.8790668270990996
1.5	0.8146059956924102
1.5100000000000002	0.7574582189193865
1.52	0.7047460821747203
1.5300000000000002	0.6577118563877941
1.54	0.6142002197566083
1.5500000000000003	0.5751431945095329
1.56	0.5389098233424772
1.5699999999999998	0.5062065171634257
1.58	0.47578658520090333
1.5899999999999999	0.4481908628580673
1.6	0.42245692378611216
1.6099999999999999	0.39900292503120854
1.62	0.37707884448071527
1.63	0.35701104119026644
1.6400000000000001	0.33837979717721456
1.65	0.320931713667775
1.6600000000000001	0.3048454059735642
1.67	0.2897466554230262
1.6800000000000002	0.2757791556028497
1.69	0.2626413038175278
1.7000000000000002	0.25044957697112463
1.71	0.2389590642513387
1.7200000000000002	0.22826483032687345
1.73	0.21816667506186835
1.7400000000000002	0.20874267863638718
1.75	0.19982817058921815
1.7600000000000002	0.19148783325199453
1.77	0.18358495782802683
1.7800000000000002	0.17617316537067046
1.79	0.16913917518236937
1.8000000000000003	0.16252796840012257
1.81	0.15624416707157082
1.8199999999999998	0.15029644191965566
1.83	0.14469207130798364
1.8399999999999999	0.1393509932368801
1.85	0.134308484416705
1.8599999999999999	0.1294967490321941
1.87	0.12494569527897224
1.88	0.12059751626622078
1.8900000000000001	0.1164776823214015
1.9	0.11253724740570714
1.9100000000000001	0.10879785604463851
1.92	0.10521720261291387
1.9300000000000002	0.1018139912619333
1.94	0.09855169882742076
1.9500000000000002	0.09544644971619037
1.96	0.09246696811038915
1.9700000000000002	0.08962709736419602
1.98	0.08689966385305296
1.9900000000000002	0.08429671625143724
2.	0.08179441363832934
2.0100000000000002	0.07940331740672366
2.02	0.0771026159177586
2.0300000000000002	0.07490151277734935
2.04	0.07278201487587427
2.0500000000000003	0.07075212804999284
2.06	0.06879576053493648
2.0700000000000003	0.06692003961802609
2.08	0.06511093219780525
2.09	0.06337467574270071
2.1	0.0616987905058439
2.11	0.06008881400882192
2.12	0.05853375250165198
2.13	0.05703849665896545
2.14	0.05559322405974895
2.15	0.05420230835838901
2.16	0.05285692904068831
2.17	0.05156098821871636
2.18	0.050306844716498725
2.19	0.04909792268713793
2.2	0.047927121150404595
2.21	0.046797588749056776
2.22	0.045703094333673824
2.23	0.04464641825419515
2.24	0.043621901258970225
2.25	0.04263206059587052
2.2600000000000002	0.0416734938897401
2.27	0.040743500045024646
2.2800000000000002	0.039844041190451894
2.29	0.03897085608408934
2.3000000000000003	0.03812564162679191
2.31	0.037304796651691494
2.3200000000000003	0.036509931655960795
2.33	0.03573751806409174
2.34	0.03498787665567597
2.35	0.03426128002346965
2.36	0.03355472964715453
2.37	0.03286958191859298
2.38	0.032202910608571805
2.39	0.03155600521328187
2.4	0.030926386191476137
2.41	0.030315167030551086
2.42	0.029720017534133357
2.43	0.029141996844089642
2.44	0.028578775185379445
2.45	0.028031354279576714
2.46	0.027498034289529624
2.47	0.026979616214946527
2.48	0.026474088407642378
2.49	0.025982326941543357
2.5	0.025502741596201244
2.5100000000000002	0.025036043144819636
2.52	0.024580773963951526
2.5300000000000002	0.024137609120395816
2.54	0.02370495337315247
2.5500000000000003	0.023283482456719115
2.56	0.02287214425562181
2.5700000000000003	0.022471445106007924
2.58	0.022080023772151867
2.59	0.02169847399387007
2.6	0.021325709576084068
2.61	0.020962212112772143
2.62	0.02060702885048734
2.63	0.020260599023192993
2.64	0.019921902071080362
2.65	0.019591386543876484
2.66	0.019268200633819052
2.67	0.0189527259521767
2.68	0.01864417200604386
2.69	0.018342902091702674
2.7	0.01804808192167196
2.71	0.01776007025027545
2.72	0.017478257929876905
2.73	0.017202931454444233
2.74	0.0169333759808755
2.75	0.016669906615453905
2.7600000000000002	0.016412130853973902
2.77	0.016159680045403805
2.7800000000000002	0.01591277839282323
2.79	0.015670956663858145
2.8000000000000003	0.01543446072627737
2.81	0.015202731751810113
2.8200000000000003	0.014975974933860816
2.83	0.014753765697634934
2.84	0.014536142640841052
2.85	0.014323152915400535
2.86	0.014114277850178294
2.87	0.013909732204581825
2.88	0.013709228309668914
2.89	0.013512912711746044
2.9	0.013320324077210649
2.91	0.013131659882187464
2.92	0.01294659322371448
2.93	0.01276527557960228
2.94	0.012587348305782379
2.95	0.012412978096011548
2.96	0.012241765895239192
2.97	0.012073866360311112
2.98	0.01190917448612578
2.99	0.01174772845635647
3.	0.011589528271003196