-1.	0.038952292649020066
-0.99	0.040181286027831296
-0.98	0.041085699685308855
-0.97	0.041665533621452755
-0.96	0.04192078783626298
-0.95	0.0416609763689584
-0.94	0.04298144478813142
-0.9299999999999999	0.04541141178147501
-0.92	0.04574808950999678
-0.91	0.04481918171906451
-0.9	0.04633109856560223
-0.89	0.04922212054174215
-0.88	0.05034552160633397
-0.87	0.050797084136246576
-0.86	0.05111010615052346
-0.85	0.05090273158314749
-0.84	0.05224218508413287
-0.83	0.054438544134294956
-0.8200000000000001	0.05681205784460785
-0.81	0.0601312981010894
-0.8	0.05866097771364748
-0.79	0.0529950403677288
-0.78	0.05954125428378746
-0.77	0.07478492180697076
-0.76	0.07175664425884232
-0.75	0.057522842697812826
-0.74	0.06223048019511026
-0.73	0.07705348530285204
-0.72	0.0784907916628345
-0.71	0.07288904441610151
-0.7	0.08443941244398492
-0.69	0.10550663995136304
-0.6799999999999999	0.14481425140657675
-0.6699999999999999	0.14788231618546374
-0.6599999999999999	0.07236492285328645
-0.6499999999999999	0.04949484340061392
-0.64	0.0673418258283024
-0.63	0.02814832015010385
-0.62	1.007247376214751
-0.61	2.9985426149095527
-0.6	1.7677620070791802
-0.59	-1.6282337804461364
-0.5800000000000001	-1.8778239661776206
-0.5700000000000001	-0.7420915638556792
-0.56	-0.09560654829096495
-0.55	0.8169603762682216
-0.54	1.1852668557957955
-0.53	1.2523151867105147
-0.52	1.5864495245103778
-0.51	2.0192608031271666
-0.5	2.1298721273192847
-0.49	2.1360437011431292
-0.48	1.3259208609447173
-0.47	-0.30054799424647427
-0.45999999999999996	0.9912682435015429
-0.44999999999999996	1.727464887731048
-0.43999999999999995	2.00333159759277
-0.42999999999999994	2.1663901397373952
-0.42000000000000004	2.185047626287586
-0.41000000000000003	1.9998061375991296
-0.4	2.2651427897583893
-0.39	2.798812310444325
-0.38	2.9876042308429227
-0.37	3.019576722497742
-0.36	3.278931773685672
-0.35	3.630409626126135
-0.33999999999999997	4.025032975991356
-0.32999999999999996	4.480675448302597
-0.31999999999999995	5.080030940031654
-0.30999999999999994	5.59567288388906
-0.29999999999999993	5.983926518322161
-0.29000000000000004	6.421754079423117
-0.28	6.893068091183558
-0.27	7.404460786668244
-0.26	7.883417602164767
-0.25	8.376390797561182
-0.24	8.662463768938482
-0.22999999999999998	8.806374123634246
-0.21999999999999997	9.027539504061338
-0.20999999999999996	9.131948602017891
-0.19999999999999996	9.12752165794558
-0.18999999999999995	9.025385134501857
-0.17999999999999994	8.789192739562221
-0.16999999999999993	8.516115160804677
-0.16000000000000003	8.197318699349408
-0.15000000000000002	7.831663061757489
-0.14	7.431691475857041
-0.13	6.985705165754136
-0.12	6.572217754969514
-0.10999999999999999	6.165047651097877
-0.09999999999999998	5.7106644228843395
-0.08999999999999997	5.294095332402738
-0.07999999999999996	4.904091410480497
-0.06999999999999995	4.552699322971442
-0.05999999999999994	4.2769825085540045
-0.04999999999999993	3.9720048443990374
-0.040000000000000036	3.64730597803647
-0.030000000000000027	3.288720608070309
-0.020000000000000018	3.0520670498563707
-0.010000000000000009	2.8930404230921773
0.	2.675721149681736
0.010000000000000009	2.44350776077954
0.020000000000000018	2.2745922581672153
0.030000000000000027	2.112149348692488
0.040000000000000036	1.9610934352757419
0.050000000000000044	1.8160894632026674
0.06000000000000005	1.6700646915432957
0.07000000000000006	1.5438029215336182
0.08000000000000007	1.4287428835391167
0.09000000000000008	1.3432321187457172
0.10000000000000009	1.327610806113248
0.1100000000000001	1.2663565682056996
0.1200000000000001	1.1248020628898077
0.13000000000000012	1.0271630753910517
0.14000000000000012	0.9894980141211426
0.15000000000000013	0.9365923096415051
0.15999999999999992	0.8752836500829204
0.16999999999999993	0.8056138396095064
0.17999999999999994	0.7271230324159396
0.18999999999999995	0.631207359352297
0.19999999999999996	0.6143487642890261
0.20999999999999996	0.6525108213575238
0.21999999999999997	0.6241664396306387
0.22999999999999998	0.5687690263883766
0.24	0.5384394652592759
0.25	0.514720231983636
0.26	0.4921605589040086
0.27	0.47462291575137644
0.28	0.4414232061147219
0.29000000000000004	0.3987877356338559
0.30000000000000004	0.32911581911322196
0.31000000000000005	0.3148079199007398
0.32000000000000006	0.43290071629118165
0.33000000000000007	0.44964804317274737
0.3400000000000001	0.32738982024486696
0.3500000000000001	0.22812780961206072
0.3600000000000001	0.048191527920001885
0.3700000000000001	0.03217436386695943
0.3800000000000001	0.3483479378480442
0.3900000000000001	0.47281694660212836
0.40000000000000013	0.39823670494896046
0.4099999999999999	0.27577892294952666
0.41999999999999993	0.0917007178710041
0.42999999999999994	-0.21854729951558569
0.43999999999999995	0.0550781523085206
0.44999999999999996	0.7484224978778845
0.45999999999999996	0.8270129412373228
0.47	0.6568460580788797
0.48	0.34985069961078674
0.49	-0.21906425689504852
0.5	-0.12161186626253524
0.51	0.39093690794334035
0.52	0.3694148842330712
0.53	0.11831871880656641
0.54	0.0848539194228523
0.55	0.10408645078261647
0.56	0.20146867014219022
0.5700000000000001	0.394541669074264
0.5800000000000001	0.3293360269047773
0.5900000000000001	0.2758596774392613
0.6000000000000001	-0.10238432961529877
0.6100000000000001	0.079265129806867
0.6200000000000001	1.832445833070414
0.6300000000000001	2.1539886114060653
0.6400000000000001	-0.129209263469823
0.6500000000000001	-1.040322996584841
0.6600000000000001	-0.020837221385321503
0.6699999999999999	0.3991246053629672
0.6799999999999999	0.44957370700239974
0.69	0.04223968443359391
0.7	0.14809692774958394
0.71	0.4639677302669175
0.72	0.4409093051314564
0.73	0.24346202945678014
0.74	0.25745290241005736
0.75	0.3685578522673582
0.76	0.2910336713232378
0.77	0.10580339498944195
0.78	0.06568646455854545
0.79	0.08637401446746013
0.8	0.08398580073985636
0.81	0.09056808817510688
0.8200000000000001	0.0872796337683042
0.8300000000000001	0.08539446093710064
0.8400000000000001	0.0854491235488026
0.8500000000000001	0.08469395051279366
0.8600000000000001	0.08222010371461189
0.8700000000000001	0.08121430574168186
0.8800000000000001	0.08258301534402544
0.8900000000000001	0.08303679031222637
0.9000000000000001	0.08264875271152046
0.9100000000000001	0.08204017741486329
0.9199999999999999	0.08115458488834981
0.9299999999999999	0.07986295733968897
0.94	0.07958449048408202
0.95	0.07990336599222014
0.96	0.07971680262569555
0.97	0.07936969276587003
0.98	0.07947934517139536
0.99	0.07992947457658255
1.	0.07952998386940338
1.0100000000000002	0.07857934602005663
1.02	0.07855474680446843
1.0300000000000002	0.07898835010597727
1.04	0.07911761010415522
1.0499999999999998	0.07923046742112445
1.06	0.07920975849525286
1.0699999999999998	0.07860345425596493
1.08	0.08285252872611894
1.0899999999999999	0.09173320660780837
1.1	0.08594312008657136
1.1099999999999999	0.07004851089635769
1.12	0.07103019122156869
1.13	0.08045815467530475
1.1400000000000001	0.08306993893867258
1.15	0.0845808667390923
1.1600000000000001	0.084001432108928
1.17	0.08400514382111561
1.1800000000000002	0.08442479755410821
1.19	0.08505182799892581
1.2000000000000002	0.07972453452193996
1.21	0.08543973519287396
1.2200000000000002	0.05516362255780915
1.23	0.1139899625975909
1.2400000000000002	0.4963638030776394
1.25	0.5262878211478397
1.2600000000000002	-0.1369279170763258
1.27	-0.3873867626998777
1.2800000000000002	-0.04545453373671646
1.29	0.11840060712757841
1.3000000000000003	-0.009361172986841483
1.31	0.07611170701103555
1.3199999999999998	0.3289236488402004
1.33	0.8233773865611117
1.3399999999999999	0.7421428455089559
1.35	0.32967452519959256
1.3599999999999999	0.16629322961769036
1.37	0.05049953035846483
1.38	-0.12249607606421228
1.3900000000000001	-0.4015841673065034
1.4	0.17018962479388242
1.4100000000000001	1.4525983327831535
1.42	1.1603211260040485
1.4300000000000002	-0.08425839843616686
1.44	0.01392351391160742
1.4500000000000002	0.768950930395685
1.46	0.5456440923881347
1.4700000000000002	-0.24973444506411008
1.48	0.4546462470344679
1.4900000000000002	2.273515727028886
1.5	1.1575251371419641
1.5100000000000002	-1.9489470984260509
1.52	-1.2366682147693864
1.5300000000000002	1.6946046327507758
1.54	1.2052690934843524
1.5500000000000003	-1.0318587211730408
1.56	-0.8593466339727914
1.5699999999999998	0.38334875304637883
1.58	0.8005213533157317
1.5899999999999999	1.139427056177473
1.6	0.7630754251421249
1.6099999999999999	-0.2593923238182961
1.62	-0.14056782043793503
1.63	0.6005299991130292
1.6400000000000001	0.23700064134758203
1.65	0.08044218528432003
1.6600000000000001	0.14726933380622131
1.67	0.19538987815693062
1.6800000000000002	0.26445803437389265
1.69	0.305947760543231
1.7000000000000002	0.2957471640909036
1.71	0.3122954600740025
1.7200000000000002	0.3805631602981078
1.73	0.41227155353360107
1.7400000000000002	0.3792311365637558
1.75	0.3810327210419809
1.7600000000000002	0.4307443534386364
1.77	0.4675312030468781
1.7800000000000002	0.4915874650126264
1.79	0.5175878103613175
1.8000000000000003	0.5369372954632161
1.81	0.5696033475437393
1.8199999999999998	0.6137707459460313
1.83	0.6722452943303066
1.8399999999999999	0.7141631524342306
1.85	0.748000426809115
1.8599999999999999	0.8039753064398891
1.87	0.8733989688527057
1.88	0.9309757053201968
1.8900000000000001	0.9856720241512845
1.9	1.0400391688573267
1.9100000000000001	1.088879661821607
1.92	1.1791607827826014
1.9300000000000002	1.3002250328048253
1.94	1.381435781224747
1.9500000000000002	1.4430246483698694
1.96	1.5449903332918427
1.9700000000000002	1.666010817353369
1.98	1.800633509358176
1.9900000000000002	1.9510648754912
2.	2.114844152503319
2.0100000000000002	2.2946821065615945
2.02	2.4706033628249235
2.0300000000000002	2.646515963856967
2.04	2.8593329408219548
2.0500000000000003	3.0970927722401043
2.06	3.3437200697322154
2.0700000000000003	3.603196887916265
2.08	3.8960221795114447
2.09	4.215280461410856
2.1	4.5550462369136655
2.11	4.918042022075711
2.12	5.298022127085853
2.13	5.697544098855118
2.14	6.113457680606579
2.15	6.55013595173196
2.16	6.972076066029767
2.17	7.394650970847219
2.18	7.790769630170657
2.19	8.175831202754042
2.2	8.488809086358232
2.21	8.753820617738018
2.22	8.949681501547097
2.23	9.088443651695115
2.24	9.122273196561085
2.25	9.076570001704654
2.2600000000000002	8.785207700093626
2.27	8.4948833774171
2.2800000000000002	8.22598047347156
2.29	7.868775987819107
2.3000000000000003	7.370904351595626
2.31	6.903801629286861
2.3200000000000003	6.492069968274334
2.33	6.025194447137361
2.34	5.513221876914169
2.35	4.942177558989749
2.36	4.465783178129007
2.37	4.020007035109087
2.38	3.6943110823215153
2.39	3.478498211536831
2.4	3.1268888037128244
2.41	2.714523403375003
2.42	2.3986744969114553
2.43	2.1135788159689946
2.44	1.9535423668801586
2.45	1.9105397731861549
2.46	1.6956261506034573
2.47	1.383196634653696
2.48	1.3106842717329523
2.49	1.3905037079893738
2.5	1.236361650208952
2.5100000000000002	0.9607677181845339
2.52	0.8712892670507743
2.5300000000000002	0.8691782859023854
2.54	0.8103934741588554
2.5500000000000003	0.7460507200688875
2.56	0.6900404552187713
2.5700000000000003	0.6371654300325407
2.58	0.589033663500639
2.59	0.5425044996095317
2.6	0.525693078546313
2.61	0.5353469460373579
2.62	0.49478253834418406
2.63	0.42952801508738864
2.64	0.3655078753943558
2.65	0.28389240211204003
2.66	0.2881104874144348
2.67	0.3537541353945593
2.68	0.3355957323332311
2.69	0.27849353709336827
2.7	0.2699171570596037
2.71	0.2839896260728753
2.72	0.2554791423443439
2.73	0.20164003776689046
2.74	0.19360186867418935
2.75	0.20977715880174475
2.7600000000000002	0.19781944498628623
2.77	0.18938880604838662
2.7800000000000002	0.18465477720349738
2.79	0.17951393385173176
2.8000000000000003	0.1812906395083345
2.81	0.17086875065635368
2.8200000000000003	0.1295113365572387
2.83	0.11352399262124263
2.84	0.11778802835652173
2.85	0.1473894600230967
2.86	0.14638210876074922
2.87	0.13386001540862683
2.88	0.12357344617698052
2.89	0.10979132418652673
2.9	0.1005544302683745
2.91	0.09123378712072107
2.92	0.10058502173895838
2.93	0.12712669266096419
2.94	0.11213214798851646
2.95	0.07134722295514566
2.96	0.06647433758490011
2.97	0.07634639615754686
2.98	0.08699177149945161
2.99	0.10349105531011862
3.	0.1258442475895464