-1.	0.033203968059716225
-0.99	0.033647125391762726
-0.98	0.03409894528851206
-0.97	0.034559427749964226
-0.96	0.03502857277611921
-0.95	0.035506309710450344
-0.94	0.035993415774751056
-0.9299999999999999	0.03648953172514964
-0.92	0.03699550035706112
-0.91	0.03751093561762443
-0.9	0.03803671290665103
-0.89	0.03857242828116259
-0.88	0.03911902351467496
-0.87	0.039676065424516654
-0.86	0.04024455192601041
-0.85	0.04082402381057436
-0.84	0.041415540711318206
-0.83	0.04201861495510212
-0.8200000000000001	0.04263437241402541
-0.81	0.04326229312790354
-0.8	0.04390359317036936
-0.79	0.04455771438666872
-0.78	0.04522593218456596
-0.77	0.04590765780387237
-0.76	0.0466042659756066
-0.75	0.0473151249698688
-0.74	0.04804168489148263
-0.73	0.04878327456306117
-0.72	0.04954147651656577
-0.71	0.05031556410539386
-0.7	0.05110720031432846
-0.69	0.05191561767178507
-0.6799999999999999	0.05274190922044013
-0.6699999999999999	0.05358734127637043
-0.6599999999999999	0.05445098994342255
-0.6499999999999999	0.05533491660715394
-0.64	0.056238933868877565
-0.63	0.05716284157114786
-0.62	0.05810884144586617
-0.61	0.05907591678205512
-0.6	0.060066444472860275
-0.59	0.061079328675727976
-0.5800000000000001	0.06211711608616601
-0.5700000000000001	0.06317863095150054
-0.56	0.06426661976911269
-0.55	0.06537981498714612
-0.54	0.06652117368649593
-0.53	0.06768933133914519
-0.52	0.06888746942969994
-0.51	0.07011411676634735
-0.5	0.07137273052060432
-0.49	0.07266171677070528
-0.48	0.07398477997000391
-0.47	0.07534020630598175
-0.45999999999999996	0.07673044251727001
-0.44999999999999996	0.07815838696013946
-0.43999999999999995	0.07962193534957693
-0.42999999999999994	0.0811257831417292
-0.42000000000000004	0.08266950347694656
-0.41000000000000003	0.08425262588038435
-0.4	0.08588032557533386
-0.39	0.08755021618081364
-0.38	0.08926784699445461
-0.37	0.0910306476566653
-0.36	0.09284469493242833
-0.35	0.09470717933182352
-0.33999999999999997	0.09662206369070621
-0.32999999999999996	0.09859419383695402
-0.31999999999999995	0.10062005293215143
-0.30999999999999994	0.10270750106777242
-0.29999999999999993	0.10485268398669839
-0.29000000000000004	0.10706423587313693
-0.28	0.10934137180125106
-0.27	0.11168323297772029
-0.26	0.11409926612906995
-0.25	0.11658509358910772
-0.24	0.1191510827798474
-0.22999999999999998	0.12179242862809522
-0.21999999999999997	0.1245159546135556
-0.20999999999999996	0.12733006758279047
-0.19999999999999996	0.13022859921194285
-0.18999999999999995	0.13322537557842687
-0.17999999999999994	0.13631360273883256
-0.16999999999999993	0.13950850751818364
-0.16000000000000003	0.14280870565965972
-0.15000000000000002	0.1462126606536042
-0.14	0.1497372741062409
-0.13	0.15337469838749623
-0.12	0.15714365100328406
-0.10999999999999999	0.16103544143622567
-0.09999999999999998	0.1650624092551517
-0.08999999999999997	0.16924007962506324
-0.07999999999999996	0.17355699192347648
-0.06999999999999995	0.1780388974193798
-0.05999999999999994	0.18267303862693568
-0.04999999999999993	0.1874880608149502
-0.040000000000000036	0.1924813598680774
-0.030000000000000027	0.19765001413589806
-0.020000000000000018	0.20302616177302404
-0.010000000000000009	0.20859484886051785
0.	0.2143920158882446
0.010000000000000009	0.22040092029260666
0.020000000000000018	0.22664543723744857
0.030000000000000027	0.23315633400428729
0.040000000000000036	0.23991082830999308
0.050000000000000044	0.24696020631823726
0.06000000000000005	0.25427871349713543
0.07000000000000006	0.2619243532684518
0.08000000000000007	0.2698679531681325
0.09000000000000008	0.2781752366168843
0.10000000000000009	0.2868130882079998
0.1100000000000001	0.2958561444547481
0.1200000000000001	0.3052666961250435
0.13000000000000012	0.3151297844788047
0.14000000000000012	0.32540240033326745
0.15000000000000013	0.336181558626054
0.15999999999999992	0.3474584398173801
0.16999999999999993	0.3592229410489368
0.17999999999999994	0.37158619376212915
0.18999999999999995	0.38449620578053934
0.19999999999999996	0.3980803652791423
0.20999999999999996	0.412279018490866
0.21999999999999997	0.4272388041536034
0.22999999999999998	0.4428910303501959
0.24	0.4594047532178146
0.25	0.47670072489686416
0.26	0.49497444729420914
0.27	0.5141342304278207
0.28	0.5344066564725578
0.29000000000000004	0.5556853990147522
0.30000000000000004	0.5781222258011863
0.31000000000000005	0.6019280140360775
0.32000000000000006	0.6269447791864386
0.33000000000000007	0.6535303265213925
0.3400000000000001	0.6814999978378463
0.3500000000000001	0.711272151877025
0.3600000000000001	0.7426306209332618
0.3700000000000001	0.7760652765118341
0.3800000000000001	0.8113227768298208
0.3900000000000001	0.8489773439139358
0.40000000000000013	0.8887319274323445
0.4099999999999999	0.9312598602909115
0.41999999999999993	0.9764999304072871
0.42999999999999994	1.0243803936947615
0.43999999999999995	1.0756904351071328
0.44999999999999996	1.1300591327857201
0.45999999999999996	1.18840988736082
0.47	1.2503090151301985
0.48	1.316833434297242
0.49	1.387477985531803
0.5	1.4634917486519619
0.51	1.5429305869571501
0.52	1.6421836848812952
0.53	1.7605805181494654
0.54	1.8399401160501967
0.55	1.8930981537923384
0.56	2.011586086924405
0.5700000000000001	2.167175441578617
0.5800000000000001	2.301043196500173
0.5900000000000001	2.4422407507513455
0.6000000000000001	2.5855659601555856
0.6100000000000001	2.7431175632190627
0.6200000000000001	2.914715606764564
0.6300000000000001	3.097830277402882
0.6400000000000001	3.2927806378358904
0.6500000000000001	3.4993217189807355
0.6600000000000001	3.7173956675234603
0.6699999999999999	3.947222822348161
0.6799999999999999	4.188783152647205
0.69	4.442322061956876
0.7	4.705140111377999
0.71	4.978731194105412
0.72	5.257460240592591
0.73	5.5442192885665795
0.74	5.82973620121598
0.75	6.118577514448474
0.76	6.397599880525172
0.77	6.673062434169753
0.78	6.928688084377306
0.79	7.1719791766762215
0.8	7.385518274273808
0.81	7.577030030845043
0.8200000000000001	7.734638503597203
0.8300000000000001	7.854487727445132
0.8400000000000001	7.937675722465477
0.8500000000000001	7.9835379650145555
0.8600000000000001	7.988862746931293
0.8700000000000001	7.962648396569557
0.8800000000000001	7.897940116673993
0.8900000000000001	7.811614017608353
0.9000000000000001	7.694409368111817
0.9100000000000001	7.5675741515607005
0.9199999999999999	7.429176733102616
0.9299999999999999	7.277240455091182
0.94	7.133508551636542
0.95	6.988357516346411
0.96	6.860672983095341
0.97	6.742276352325412
0.98	6.647589683675538
0.99	6.570530603061017
1.	6.5203169868579
1.0100000000000002	6.493249112363972
1.02	6.4931524237993505
1.0300000000000002	6.518744778494275
1.04	6.568827968935691
1.0499999999999998	6.6444422423095455
1.06	6.738937709622607
1.0699999999999998	6.855775034624
1.08	6.9834864720461995
1.0899999999999999	7.1278024847598305
1.1	7.271558962258074
1.1099999999999999	7.4228436928378425
1.12	7.561347447260317
1.13	7.696473400703864
1.1400000000000001	7.813087496635895
1.15	7.899835866641107
1.1600000000000001	7.963366474200525
1.17	7.9902538877548706
1.1800000000000002	7.9832420425945
1.19	7.9381414745607675
1.2000000000000002	7.853460423624855
1.21	7.734348595905667
1.2200000000000002	7.575667840462621
1.23	7.390260645852574
1.2400000000000002	7.170862034996887
1.25	6.934240072722581
1.2600000000000002	6.672614570487762
1.27	6.403189030575856
1.2800000000000002	6.11898571645157
1.29	5.834892528016062
1.3000000000000003	5.545467332047037
1.31	5.261954019930476
1.3199999999999998	4.983330419722187
1.33	4.708922974928136
1.3399999999999999	4.446140806982599
1.35	4.191918775746644
1.3599999999999999	3.950336937011268
1.37	3.719769997552717
1.38	3.5017759596681755
1.3900000000000001	3.295803060547734
1.4	3.1016886819115617
1.4100000000000001	2.9196023839978698
1.42	2.7483294773055595
1.4300000000000002	2.588472668236296
1.44	2.438260944376068
1.4500000000000002	2.298519444794901
1.46	2.167255689378477
1.4700000000000002	2.0453763730751713
1.48	1.9308777719100418
1.4900000000000002	1.8246607718223111
1.5	1.7248305233802417
1.5100000000000002	1.6322329568263358
1.52	1.5451422372199681
1.5300000000000002	1.4643254087592121
1.54	1.3882483250277264
1.5500000000000003	1.3175908658545412
1.56	1.2510109387856507
1.5699999999999998	1.1891021801193442
1.58	1.1307029603904541
1.5899999999999999	1.0763264634111407
1.6	1.0249741851083576
1.6099999999999999	0.9770869071853552
1.62	0.9318100471985902
1.63	0.8895206953771136
1.6400000000000001	0.8497154818553985
1.65	0.8120374331212902
1.6600000000000001	0.7767361317048291
1.67	0.7432808020032899
1.6800000000000002	0.7118844253051062
1.69	0.6820939969677615
1.7000000000000002	0.6540914745081969
1.71	0.6274897259154496
1.7200000000000002	0.6024444688328797
1.73	0.5786242627439838
1.7400000000000002	0.5561625924964604
1.75	0.5347752348882614
1.7600000000000002	0.514576896620376
1.77	0.4953231900655927
1.7800000000000002	0.47711289766404735
1.79	0.4597354646121666
1.8000000000000003	0.44327619132003104
1.81	0.42755314036080927
1.8199999999999998	0.4125828515005764
1.83	0.3983796356868916
1.8399999999999999	0.38478607249659613
1.85	0.37187184701311304
1.8599999999999999	0.359500105011417
1.87	0.34773142420964304
1.88	0.3364468666084011
1.8900000000000001	0.32569913109962206
1.9	0.3153842818696208
1.9100000000000001	0.30554837093169324
1.92	0.29610056939431934
1.9300000000000002	0.2870811582785898
1.94	0.27841036191858287
1.9500000000000002	0.2701235508158369
1.96	0.26215075211711275
1.9700000000000002	0.2545230314968786
1.98	0.2471785579489372
1.9900000000000002	0.2401447733027665
2.	0.2333671414588941
2.0100000000000002	0.22686988617514953
2.02	0.22060469051329307
2.0300000000000002	0.21459302145927928
2.04	0.20879200992056332
2.0500000000000003	0.20322071142164513
2.06	0.19784099156320223
2.0700000000000003	0.19266980730446218
2.08	0.18767316969120817
2.09	0.18286619809688104
2.1	0.17821853523049835
2.11	0.1737436898428812
2.12	0.1694144948389305
2.13	0.16524304538795578
2.14	0.16120496300795137
2.15	0.15731110016897268
2.16	0.1535395936284344
2.17	0.14990018961493679
2.18	0.14637313258421952
2.19	0.14296721659735678
2.2	0.13966472915957595
2.21	0.13647357377630748
2.22	0.13337766186690894
2.23	0.13038416437301495
2.24	0.12747855525921648
2.25	0.12466731319049128
2.2600000000000002	0.12194162607017531
2.27	0.1192943198191544
2.2800000000000002	0.1167304301511725
2.29	0.11423909884349522
2.3000000000000003	0.11182492300621832
2.31	0.10947797514226162
2.3200000000000003	0.10720243619533153
2.33	0.10498929044450522
2.34	0.10283935750077565
2.35	0.10075338629261112
2.36	0.0987231386068587
2.37	0.0967522972524694
2.38	0.09483330418359336
2.39	0.09296953569728206
2.4	0.09115408470936742
2.41	0.08939003901715206
2.42	0.08767106118697866
2.43	0.0859999847936351
2.44	0.08437099024908312
2.45	0.08278668043674792
2.46	0.08124170199110424
2.47	0.0797384491795122
2.48	0.07827199852311073
2.49	0.07684455340612377
2.5	0.07545157051753136
2.5100000000000002	0.07409508278349755
2.52	0.07277090126029677
2.5300000000000002	0.07148090117051364
2.54	0.07022121084061887
2.5500000000000003	0.0689935633581899
2.56	0.06779438145399123
2.5700000000000003	0.06662526772419032
2.58	0.06548290268788638
2.59	0.06436877135426777
2.6	0.06327981654586556
2.61	0.06221741258893335
2.62	0.06117867060455823
2.63	0.06016487743110059
2.64	0.059173433362248076
2.65	0.05820550894083599
2.66	0.05725862702092624
2.67	0.056333897495110204
2.68	0.05542902012863564
2.69	0.05454502293843818
2.7	0.053679798677235525
2.71	0.052834298874122936
2.72	0.05200648569818194
2.73	0.051197262250790236
2.74	0.05040484574046757
2.75	0.04963004679341241
2.7600000000000002	0.048871657157642266
2.77	0.04812873814343909
2.7800000000000002	0.0474019976430334
2.79	0.04668988596360811
2.8000000000000003	0.045993039106986364
2.81	0.04531009549135867
2.8200000000000003	0.04464167451622267
2.83	0.04398641322841214
2.84	0.04334443553276032
2.85	0.042715856638299174
2.86	0.04209940924567724
2.87	0.04149565425850648
2.88	0.04090349093446089
2.89	0.04032342173641776
2.9	0.03975432254203069
2.91	0.0391967031517894
2.92	0.03864945224969249
2.93	0.03811304824089531
2.94	0.03758667393269433
2.95	0.037070718729298124
2.96	0.036564167955226407
2.97	0.036067466558422516
2.98	0.0355797788134308
2.99	0.03510140862041693
3.	0.03463235597938094